0 0 0.000000 0.000000 0.157940 1.000000 0.157940 0.000000 0.157940 0.000000 0.000000
0 0 0.000000 0.000000 1.000000 1.000000 1.000000 0.000000 1.000000 0.000000 0.000000
0 0 0.000000 0.000000 1.000000 1.000000 1.000000 0.000000 1.000000 0.000000 0.000000
0 0 0.000000 0.000000 1.000000 1.166875 1.000000 0.000000 1.000000 0.000000 0.000000
0 0 0.000000 0.000000 1.000000 1.000000 1.000000 0.000000 1.000000 0.000000 0.000000
0 0 0.000000 0.000000 1.000000 1.166875 1.000000 0.000000 1.000000 0.000000 0.000000
0 0 0.000000 0.000000 1.000000 1.166875 1.000000 0.000000 1.000000 0.000000 0.000000
0 0 0.000000 0.000000 1.000000 1.166875 1.000000 0.000000 1.000000 0.000000 0.000000
0 0 0.000000 0.000000 1.000000 1.000000 1.000000 0.000000 1.000000 0.000000 0.000000
0 0 0.000000 0.000000 1.000000 1.000000 1.000000 0.000000 1.000000 0.000000 0.000000
0 0 0.000000 0.000000 1.000000 1.166875 1.000000 0.000000 1.000000 0.000000 0.000000
0 0 0.000000 0.000000 1.000000 1.000000 1.000000 0.000000 1.000000 0.000000 0.000000
0 0 0.000000 0.000000 1.000000 1.166875 1.000000 0.000000 1.000000 0.000000 0.000000
0 0 0.000000 0.000000 1.000000 1.166875 1.000000 0.000000 1.000000 0.000000 0.000000
0 0 0.000000 0.000000 1.000000 1.166875 1.000000 0.000000 1.000000 0.000000 0.000000
0 0 0.000000 0.000000 1.000000 1.000000 1.000000 0.000000 1.000000 0.000000 0.000000
0 0 0.000000 0.000000 1.000000 1.000000 1.000000 0.000000 1.000000 0.000000 0.000000
0 0 0.000000 0.000000 1.000000 1.166875 1.000000 0.000000 1.000000 0.000000 0.000000
0 0 0.000000 0.000000 1.000000 1.000000 1.000000 0.000000 1.000000 0.000000 0.000000
0 0 0.000000 0.000000 1.000000 1.166875 1.000000 0.000000 1.000000 0.000000 0.000000
0 0 0.000000 0.000000 1.000000 1.166875 1.000000 0.000000 1.000000 0.000000 0.000000
0 0 0.000000 0.000000 1.000000 1.166875 1.000000 0.000000 1.000000 0.000000 0.000000
0 0 0.000000 0.000000 1.000000 1.000000 1.000000 0.000000 1.000000 0.000000 0.000000
0 0 0.000000 0.000000 1.000000 1.000000 1.000000 0.000000 1.000000 0.000000 0.000000
0 0 0.000000 0.000000 1.000000 1.166875 1.000000 0.000000 1.000000 0.000000 0.000000
0 0 0.000000 0.000000 1.000000 1.000000 1.000000 0.000000 1.000000 0.000000 0.000000
0 0 0.000000 0.000000 1.000000 1.166875 1.000000 0.000000 1.000000 0.000000 0.000000
0 0 0.000000 0.000000 1.000000 1.166875 1.000000 0.000000 1.000000 0.000000 0.000000
0 0 0.000000 0.000000 1.000000 1.166875 1.000000 0.000000 1.000000 0.000000 0.000000
0 0 0.000000 0.000000 1.000000 1.000000 1.000000 0.000000 1.000000 0.000000 0.000000
0 0 0.000000 0.000000 1.000000 1.000000 1.000000 0.000000 1.000000 0.000000 0.000000
0 0 0.000000 0.000000 1.000000 1.166875 1.000000 0.000000 1.000000 0.000000 0.000000
0 0 0.000000 0.000000 1.000000 1.000000 1.000000 0.000000 1.000000 0.000000 0.000000
0 0 0.000000 0.000000 1.000000 1.166875 1.000000 0.000000 1.000000 0.000000 0.000000
0 0 0.000000 0.000000 1.000000 1.166875 1.000000 0.000000 1.000000 0.000000 0.000000
0 0 0.000000 0.000000 1.000000 1.166875 1.000000 0.000000 1.000000 0.000000 0.000000
0 0 0.000000 0.000000 1.000000 1.000000 1.000000 0.000000 1.000000 0.000000 0.000000
0 0 0.000000 0.000000 1.000000 1.000000 1.000000 0.000000 1.000000 0.000000 0.000000
0 0 0.000000 0.000000 1.000000 1.166875 1.000000 0.000000 1.000000 0.000000 0.000000
0 0 0.000000 0.000000 1.000000 1.000000 1.000000 0.000000 1.000000 0.000000 0.000000
0 0 0.000000 0.000000 1.000000 1.166875 1.000000 0.000000 1.000000 0.000000 0.000000
0 0 0.000000 0.000000 1.000000 1.166875 1.000000 0.000000 1.000000 0.000000 0.000000
0 0 0.000000 0.000000 1.000000 1.166875 1.000000 0.000000 1.000000 0.000000 0.000000
0 0 0.000000 0.000000 1.000000 1.000000 1.000000 0.000000 1.000000 0.000000 0.000000
0 0 0.000000 0.000000 1.000000 1.000000 1.000000 0.000000 1.000000 0.000000 0.000000
0 0 0.000000 0.000000 1.000000 1.166875 1.000000 0.000000 1.000000 0.000000 0.000000
0 0 0.000000 0.000000 1.000000 1.000000 1.000000 0.000000 1.000000 0.000000 0.000000
0 0 0.000000 0.000000 1.000000 1.166875 1.000000 0.000000 1.000000 0.000000 0.000000
0 0 0.000000 0.000000 1.000000 1.166875 1.000000 0.000000 1.000000 0.000000 0.000000
0 0 0.000000 0.000000 1.000000 1.166875 1.000000 0.000000 1.000000 0.000000 0.000000
0 0 0.000000 0.000000 1.000000 1.000000 1.000000 0.000000 1.000000 0.000000 0.000000
0 0 0.000000 0.000000 1.000000 1.000000 1.000000 0.000000 1.000000 0.000000 0.000000
0 0 0.000000 0.000000 1.000000 1.166875 1.000000 0.000000 1.000000 0.000000 0.000000
0 0 0.000000 0.000000 1.000000 1.000000 1.000000 0.000000 1.000000 0.000000 0.000000
0 0 0.000000 0.000000 1.000000 1.166875 1.000000 0.000000 1.000000 0.000000 0.000000
0 0 0.000000 0.000000 1.000000 1.166875 1.000000 0.000000 1.000000 0.000000 0.000000
0 0 0.000000 0.000000 1.000000 1.166875 1.000000 0.000000 1.000000 0.000000 0.000000
0 0 0.000000 0.000000 1.000000 1.000000 1.000000 0.000000 1.000000 0.000000 0.000000
0 0 0.000000 0.000000 1.000000 1.000000 1.000000 0.000000 1.000000 0.000000 0.000000
0 0 0.000000 0.000000 1.000000 1.166875 1.000000 0.000000 1.000000 0.000000 0.000000
0 0 0.000000 0.000000 1.000000 1.000000 1.000000 0.000000 1.000000 0.000000 0.000000
0 0 0.000000 0.000000 1.000000 1.166875 1.000000 0.000000 1.000000 0.000000 0.000000
0 0 0.000000 0.000000 1.000000 1.166875 1.000000 0.000000 1.000000 0.000000 0.000000
0 0 0.000000 0.000000 1.000000 1.166875 1.000000 0.000000 1.000000 0.000000 0.000000
0 0 0.000000 0.000000 1.000000 1.000000 1.000000 0.000000 1.000000 0.000000 0.000000
0 0 0.000000 0.000000 1.000000 1.000000 1.000000 0.000000 1.000000 0.000000 0.000000
0 0 0.000000 0.000000 1.000000 1.166875 1.000000 0.000000 1.000000 0.000000 0.000000
0 0 0.000000 0.000000 1.000000 1.000000 1.000000 0.000000 1.000000 0.000000 0.000000
0 0 0.000000 0.000000 1.000000 1.166875 1.000000 0.000000 1.000000 0.000000 0.000000
0 0 0.000000 0.000000 1.000000 1.166875 1.000000 0.000000 1.000000 0.000000 0.000000
0 0 0.000000 0.000000 1.000000 1.166875 1.000000 0.000000 1.000000 0.000000 0.000000
0 0 0.000000 0.000000 1.000000 1.000000 1.000000 0.000000 1.000000 0.000000 0.000000
0 0 0.000000 0.000000 1.000000 1.000000 1.000000 0.000000 1.000000 0.000000 0.000000
0 0 0.000000 0.000000 1.000000 1.166875 1.000000 0.000000 1.000000 0.000000 0.000000
0 0 0.000000 0.000000 1.000000 1.000000 1.000000 0.000000 1.000000 0.000000 0.000000
0 0 0.000000 0.000000 1.000000 1.166875 1.000000 0.000000 1.000000 0.000000 0.000000
0 0 0.000000 0.000000 1.000000 1.166875 1.000000 0.000000 1.000000 0.000000 0.000000
0 0 0.000000 0.000000 1.000000 1.166875 1.000000 0.000000 1.000000 0.000000 0.000000
0 0 0.000000 0.000000 1.000000 1.000000 1.000000 0.000000 1.000000 0.000000 0.000000
0 0 0.000000 0.000000 1.000000 1.000000 1.000000 0.000000 1.000000 0.000000 0.000000
0 0 0.000000 0.000000 1.000000 1.166875 1.000000 0.000000 1.000000 0.000000 0.000000
0 0 0.000000 0.000000 1.000000 1.000000 1.000000 0.000000 1.000000 0.000000 0.000000
0 0 0.000000 0.000000 1.000000 1.166875 1.000000 0.000000 1.000000 0.000000 0.000000
0 0 0.000000 0.000000 1.000000 1.166875 1.000000 0.000000 1.000000 0.000000 0.000000
0 0 0.000000 0.000000 1.000000 1.166875 1.000000 0.000000 1.000000 0.000000 0.000000
0 0 0.000000 0.000000 1.000000 1.000000 1.000000 0.000000 1.000000 0.000000 0.000000
0 0 0.000000 0.000000 1.000000 1.000000 1.000000 0.000000 1.000000 0.000000 0.000000
0 0 0.000000 0.000000 1.000000 1.166875 1.000000 0.000000 1.000000 0.000000 0.000000
0 0 0.000000 0.000000 1.000000 1.000000 1.000000 0.000000 1.000000 0.000000 0.000000
0 0 0.000000 0.000000 1.000000 1.166875 1.000000 0.000000 1.000000 0.000000 0.000000
0 0 0.000000 0.000000 1.000000 1.166875 1.000000 0.000000 1.000000 0.000000 0.000000
0 0 0.000000 0.000000 1.000000 1.166875 1.000000 0.000000 1.000000 0.000000 0.000000
0 0 0.000000 0.000000 1.000000 1.000000 1.000000 0.000000 1.000000 0.000000 0.000000
0 0 0.000000 0.000000 1.000000 1.000000 1.000000 0.000000 1.000000 0.000000 0.000000
0 0 0.000000 0.000000 1.000000 1.166875 1.000000 0.000000 1.000000 0.000000 0.000000
0 0 0.000000 0.000000 1.000000 1.000000 1.000000 0.000000 1.000000 0.000000 0.000000
0 0 0.000000 0.000000 1.000000 1.166875 1.000000 0.000000 1.000000 0.000000 0.000000
0 0 0.000000 0.000000 1.000000 1.166875 1.000000 0.000000 1.000000 0.000000 0.000000
0 0 0.000000 0.000000 1.000000 1.166875 1.000000 0.000000 1.000000 0.000000 0.000000
0 0 0.000000 0.000000 1.000000 1.000000 1.000000 0.000000 1.000000 0.000000 0.000000
0 0 0.000000 0.000000 1.000000 1.000000 1.000000 0.000000 1.000000 0.000000 0.000000
0 0 0.000000 0.000000 1.000000 1.166875 1.000000 0.000000 1.000000 0.000000 0.000000
0 0 0.000000 0.000000 1.000000 1.000000 1.000000 0.000000 1.000000 0.000000 0.000000
0 0 0.000000 0.000000 1.000000 1.166875 1.000000 0.000000 1.000000 0.000000 0.000000
0 0 0.000000 0.000000 1.000000 1.166875 1.000000 0.000000 1.000000 0.000000 0.000000
0 0 0.000000 0.000000 1.000000 1.166875 1.000000 0.000000 1.000000 0.000000 0.000000
0 0 0.000000 0.000000 1.000000 1.000000 1.000000 0.000000 1.000000 0.000000 0.000000
0 0 0.000000 0.000000 1.000000 1.000000 1.000000 0.000000 1.000000 0.000000 0.000000
0 0 0.000000 0.000000 1.000000 1.166875 1.000000 0.000000 1.000000 0.000000 0.000000
0 0 0.000000 0.000000 1.000000 1.000000 1.000000 0.000000 1.000000 0.000000 0.000000
0 0 0.000000 0.000000 1.000000 1.166875 1.000000 0.000000 1.000000 0.000000 0.000000
0 0 0.000000 0.000000 1.000000 1.166875 1.000000 0.000000 1.000000 0.000000 0.000000
0 0 0.000000 0.000000 1.000000 1.166875 1.000000 0.000000 1.000000 0.000000 0.000000
0 0 0.000000 0.000000 1.000000 1.000000 1.000000 0.000000 1.000000 0.000000 0.000000
0 0 0.000000 0.000000 1.000000 1.000000 1.000000 0.000000 1.000000 0.000000 0.000000
0 0 0.000000 0.000000 1.000000 1.166875 1.000000 0.000000 1.000000 0.000000 0.000000
0 0 0.000000 0.000000 1.000000 1.000000 1.000000 0.000000 1.000000 0.000000 0.000000
0 0 0.000000 0.000000 1.000000 1.166875 1.000000 0.000000 1.000000 0.000000 0.000000
0 0 0.000000 0.000000 1.000000 1.166875 1.000000 0.000000 1.000000 0.000000 0.000000
0 0 0.000000 0.000000 1.000000 1.166875 1.000000 0.000000 1.000000 0.000000 0.000000
0 0 0.000000 0.000000 1.000000 1.000000 1.000000 0.000000 1.000000 0.000000 0.000000
0 0 0.000000 0.000000 1.000000 1.000000 1.000000 0.000000 1.000000 0.000000 0.000000
0 0 0.000000 0.000000 1.000000 1.166875 1.000000 0.000000 1.000000 0.000000 0.000000
0 0 0.000000 0.000000 1.000000 1.000000 1.000000 0.000000 1.000000 0.000000 0.000000
0 0 0.000000 0.000000 1.000000 1.166875 1.000000 0.000000 1.000000 0.000000 0.000000
0 0 0.000000 0.000000 1.000000 1.166875 1.000000 0.000000 1.000000 0.000000 0.000000
0 0 0.000000 0.000000 1.000000 1.166875 1.000000 0.000000 1.000000 0.000000 0.000000
0 0 0.000000 0.000000 1.000000 1.000000 1.000000 0.000000 1.000000 0.000000 0.000000
0 0 0.000000 0.000000 1.000000 1.000000 1.000000 0.000000 1.000000 0.000000 0.000000
0 0 0.000000 0.000000 1.000000 1.166875 1.000000 0.000000 1.000000 0.000000 0.000000
0 0 0.000000 0.000000 1.000000 1.000000 1.000000 0.000000 1.000000 0.000000 0.000000
0 0 0.000000 0.000000 1.000000 1.166875 1.000000 0.000000 1.000000 0.000000 0.000000
0 0 0.000000 0.000000 1.000000 1.166875 1.000000 0.000000 1.000000 0.000000 0.000000
0 0 0.000000 0.000000 1.000000 1.166875 1.000000 0.000000 1.000000 0.000000 0.000000
0 0 0.000000 0.000000 1.000000 1.000000 1.000000 0.000000 1.000000 0.000000 0.000000
0 0 0.000000 0.000000 1.000000 1.000000 1.000000 0.000000 1.000000 0.000000 0.000000
0 0 0.000000 0.000000 1.000000 1.166875 1.000000 0.000000 1.000000 0.000000 0.000000
0 0 0.000000 0.000000 1.000000 1.000000 1.000000 0.000000 1.000000 0.000000 0.000000
0 0 0.000000 0.000000 1.000000 1.166875 1.000000 0.000000 1.000000 0.000000 0.000000
0 0 0.000000 0.000000 1.000000 1.166875 1.000000 0.000000 1.000000 0.000000 0.000000
0 0 0.000000 0.000000 1.000000 1.166875 1.000000 0.000000 1.000000 0.000000 0.000000
0 0 0.000000 0.000000 1.000000 1.000000 1.000000 0.000000 1.000000 0.000000 0.000000
0 0 0.000000 0.000000 1.000000 1.000000 1.000000 0.000000 1.000000 0.000000 0.000000
0 0 0.000000 0.000000 1.000000 1.166875 1.000000 0.000000 1.000000 0.000000 0.000000
0 0 0.000000 0.000000 1.000000 1.000000 1.000000 0.000000 1.000000 0.000000 0.000000
0 0 0.000000 0.000000 1.000000 1.166875 1.000000 0.000000 1.000000 0.000000 0.000000
0 0 0.000000 0.000000 1.000000 1.166875 1.000000 0.000000 1.000000 0.000000 0.000000
0 0 0.000000 0.000000 1.000000 1.166875 1.000000 0.000000 1.000000 0.000000 0.000000
0 0 0.000000 0.000000 1.000000 1.000000 1.000000 0.000000 1.000000 0.000000 0.000000
0 0 0.000000 0.000000 1.000000 1.000000 1.000000 0.000000 1.000000 0.000000 0.000000
0 0 0.000000 0.000000 1.000000 1.166875 1.000000 0.000000 1.000000 0.000000 0.000000
0 0 0.000000 0.000000 1.000000 1.000000 1.000000 0.000000 1.000000 0.000000 0.000000
0 0 0.000000 0.000000 1.000000 1.166875 1.000000 0.000000 1.000000 0.000000 0.000000
0 0 0.000000 0.000000 1.000000 1.166875 1.000000 0.000000 1.000000 0.000000 0.000000
0 0 0.000000 0.000000 1.000000 1.166875 1.000000 0.000000 1.000000 0.000000 0.000000
0 0 0.000000 0.000000 1.000000 1.000000 1.000000 0.000000 1.000000 0.000000 0.000000
0 0 0.000000 0.000000 1.000000 1.000000 1.000000 0.000000 1.000000 0.000000 0.000000
0 0 0.000000 0.000000 1.000000 1.166875 1.000000 0.000000 1.000000 0.000000 0.000000
0 0 0.000000 0.000000 1.000000 1.000000 1.000000 0.000000 1.000000 0.000000 0.000000
0 0 0.000000 0.000000 1.000000 1.166875 1.000000 0.000000 1.000000 0.000000 0.000000
0 0 0.000000 0.000000 1.000000 1.166875 1.000000 0.000000 1.000000 0.000000 0.000000
0 0 0.000000 0.000000 1.000000 1.166875 1.000000 0.000000 1.000000 0.000000 0.000000
0 0 0.000000 0.000000 1.000000 1.000000 1.000000 0.000000 1.000000 0.000000 0.000000
0 0 0.000000 0.000000 1.000000 1.000000 1.000000 0.000000 1.000000 0.000000 0.000000
0 0 0.000000 0.000000 1.000000 1.166875 1.000000 0.000000 1.000000 0.000000 0.000000
0 0 0.000000 0.000000 1.000000 1.000000 1.000000 0.000000 1.000000 0.000000 0.000000
0 0 0.000000 0.000000 1.000000 1.166875 1.000000 0.000000 1.000000 0.000000 0.000000
0 0 0.000000 0.000000 1.000000 1.166875 1.000000 0.000000 1.000000 0.000000 0.000000
0 0 0.000000 0.000000 1.000000 1.166875 1.000000 0.000000 1.000000 0.000000 0.000000
0 0 0.000000 0.000000 1.000000 1.000000 1.000000 0.000000 1.000000 0.000000 0.000000
0 0 0.000000 0.000000 1.000000 1.000000 1.000000 0.000000 1.000000 0.000000 0.000000
0 0 0.000000 0.000000 1.000000 1.166875 1.000000 0.000000 1.000000 0.000000 0.000000
0 0 0.000000 0.000000 1.000000 1.000000 1.000000 0.000000 1.000000 0.000000 0.000000
0 0 0.000000 0.000000 1.000000 1.166875 1.000000 0.000000 1.000000 0.000000 0.000000
0 0 0.000000 0.000000 1.000000 1.166875 1.000000 0.000000 1.000000 0.000000 0.000000
0 0 0.000000 0.000000 1.000000 1.166875 1.000000 0.000000 1.000000 0.000000 0.000000
0 0 0.000000 0.000000 1.000000 1.000000 1.000000 0.000000 1.000000 0.000000 0.000000
0 0 0.000000 0.000000 1.000000 1.000000 1.000000 0.000000 1.000000 0.000000 0.000000
0 0 0.000000 0.000000 1.000000 1.166875 1.000000 0.000000 1.000000 0.000000 0.000000
0 0 0.000000 0.000000 1.000000 1.000000 1.000000 0.000000 1.000000 0.000000 0.000000
0 0 0.000000 0.000000 1.000000 1.166875 1.000000 0.000000 1.000000 0.000000 0.000000
0 0 0.000000 0.000000 1.000000 1.166875 1.000000 0.000000 1.000000 0.000000 0.000000
0 0 0.000000 0.000000 1.000000 1.166875 1.000000 0.000000 1.000000 0.000000 0.000000
0 0 0.000000 0.000000 1.000000 1.000000 1.000000 0.000000 1.000000 0.000000 0.000000
0 0 0.000000 0.000000 1.000000 1.000000 1.000000 0.000000 1.000000 0.000000 0.000000
0 0 0.000000 0.000000 1.000000 1.166875 1.000000 0.000000 1.000000 0.000000 0.000000
0 0 0.000000 0.000000 1.000000 1.000000 1.000000 0.000000 1.000000 0.000000 0.000000
0 0 0.000000 0.000000 1.000000 1.166875 1.000000 0.000000 1.000000 0.000000 0.000000
0 0 0.000000 0.000000 1.000000 1.166875 1.000000 0.000000 1.000000 0.000000 0.000000
0 0 0.000000 0.000000 1.000000 1.166875 1.000000 0.000000 1.000000 0.000000 0.000000
0 0 0.000000 0.000000 1.000000 1.000000 1.000000 0.000000 1.000000 0.000000 0.000000
0 0 0.000000 0.000000 1.000000 1.000000 1.000000 0.000000 1.000000 0.000000 0.000000
0 0 0.000000 0.000000 1.000000 1.166875 1.000000 0.000000 1.000000 0.000000 0.000000
0 0 0.000000 0.000000 1.000000 1.000000 1.000000 0.000000 1.000000 0.000000 0.000000
0 0 0.000000 0.000000 1.000000 1.166875 1.000000 0.000000 1.000000 0.000000 0.000000
0 0 0.000000 0.000000 1.000000 1.166875 1.000000 0.000000 1.000000 0.000000 0.000000
0 0 0.000000 0.000000 1.000000 1.166875 1.000000 0.000000 1.000000 0.000000 0.000000
0 0 0.000000 0.000000 1.000000 1.000000 1.000000 0.000000 1.000000 0.000000 0.000000
0 0 0.000000 0.000000 1.000000 1.000000 1.000000 0.000000 1.000000 0.000000 0.000000
0 0 0.000000 0.000000 1.000000 1.166875 1.000000 0.000000 1.000000 0.000000 0.000000
0 0 0.000000 0.000000 1.000000 1.000000 1.000000 0.000000 1.000000 0.000000 0.000000
0 0 0.000000 0.000000 1.000000 1.166875 1.000000 0.000000 1.000000 0.000000 0.000000
0 0 0.000000 0.000000 1.000000 1.166875 1.000000 0.000000 1.000000 0.000000 0.000000
0 0 0.000000 0.000000 1.000000 1.166875 1.000000 0.000000 1.000000 0.000000 0.000000
0 0 0.000000 0.000000 1.000000 1.000000 1.000000 0.000000 1.000000 0.000000 0.000000
0 0 0.000000 0.000000 1.000000 1.000000 1.000000 0.000000 1.000000 0.000000 0.000000
0 0 0.000000 0.000000 1.000000 1.166875 1.000000 0.000000 1.000000 0.000000 0.000000
0 0 0.000000 0.000000 1.000000 1.000000 1.000000 0.000000 1.000000 0.000000 0.000000
0 0 0.000000 0.000000 1.000000 1.166875 1.000000 0.000000 1.000000 0.000000 0.000000
0 0 0.000000 0.000000 1.000000 1.166875 1.000000 0.000000 1.000000 0.000000 0.000000
0 0 0.000000 0.000000 1.000000 1.166875 1.000000 0.000000 1.000000 0.000000 0.000000
0 0 0.000000 0.000000 1.000000 1.000000 1.000000 0.000000 1.000000 0.000000 0.000000
0 0 0.000000 0.000000 1.000000 1.000000 1.000000 0.000000 1.000000 0.000000 0.000000
0 0 0.000000 0.000000 1.000000 1.166875 1.000000 0.000000 1.000000 0.000000 0.000000
0 0 0.000000 0.000000 1.000000 1.000000 1.000000 0.000000 1.000000 0.000000 0.000000
0 0 0.000000 0.000000 1.000000 1.166875 1.000000 0.000000 1.000000 0.000000 0.000000
0 0 0.000000 0.000000 1.000000 1.166875 1.000000 0.000000 1.000000 0.000000 0.000000
0 0 0.000000 0.000000 1.000000 1.166875 1.000000 0.000000 1.000000 0.000000 0.000000
0 0 0.000000 0.000000 1.000000 1.000000 1.000000 0.000000 1.000000 0.000000 0.000000
0 0 0.000000 0.000000 1.000000 1.000000 1.000000 0.000000 1.000000 0.000000 0.000000
0 0 0.000000 0.000000 1.000000 1.166875 1.000000 0.000000 1.000000 0.000000 0.000000
0 0 0.000000 0.000000 1.000000 1.000000 1.000000 0.000000 1.000000 0.000000 0.000000
0 0 0.000000 0.000000 1.000000 1.166875 1.000000 0.000000 1.000000 0.000000 0.000000
0 0 0.000000 0.000000 1.000000 1.166875 1.000000 0.000000 1.000000 0.000000 0.000000
0 0 0.000000 0.000000 1.000000 1.166875 1.000000 0.000000 1.000000 0.000000 0.000000
0 0 0.000000 0.000000 1.000000 1.000000 1.000000 0.000000 1.000000 0.000000 0.000000
0 0 0.000000 0.000000 1.000000 1.000000 1.000000 0.000000 1.000000 0.000000 0.000000
0 0 0.000000 0.000000 1.000000 1.166875 1.000000 0.000000 1.000000 0.000000 0.000000
0 0 0.000000 0.000000 1.000000 1.000000 1.000000 0.000000 1.000000 0.000000 0.000000
0 0 0.000000 0.000000 1.000000 1.166875 1.000000 0.000000 1.000000 0.000000 0.000000
0 0 0.000000 0.000000 1.000000 1.166875 1.000000 0.000000 1.000000 0.000000 0.000000
0 0 0.000000 0.000000 1.000000 1.166875 1.000000 0.000000 1.000000 0.000000 0.000000
0 0 0.000000 0.000000 1.000000 1.000000 1.000000 0.000000 1.000000 0.000000 0.000000
0 0 0.000000 0.000000 1.000000 1.000000 1.000000 0.000000 1.000000 0.000000 0.000000
0 0 0.000000 0.000000 1.000000 1.166875 1.000000 0.000000 1.000000 0.000000 0.000000
0 0 0.000000 0.000000 1.000000 1.000000 1.000000 0.000000 1.000000 0.000000 0.000000
0 0 0.000000 0.000000 1.000000 1.166875 1.000000 0.000000 1.000000 0.000000 0.000000
0 0 0.000000 0.000000 1.000000 1.166875 1.000000 0.000000 1.000000 0.000000 0.000000
0 0 0.000000 0.000000 1.000000 1.166875 1.000000 0.000000 1.000000 0.000000 0.000000
0 0 0.000000 0.000000 1.000000 1.000000 1.000000 0.000000 1.000000 0.000000 0.000000
0 0 0.000000 0.000000 1.000000 1.000000 1.000000 0.000000 1.000000 0.000000 0.000000
0 0 0.000000 0.000000 1.000000 1.166875 1.000000 0.000000 1.000000 0.000000 0.000000
0 0 0.000000 0.000000 1.000000 1.000000 1.000000 0.000000 1.000000 0.000000 0.000000
0 0 0.000000 0.000000 1.000000 1.166875 1.000000 0.000000 1.000000 0.000000 0.000000
0 0 0.000000 0.000000 1.000000 1.166875 1.000000 0.000000 1.000000 0.000000 0.000000
0 0 0.000000 0.000000 1.000000 1.166875 1.000000 0.000000 1.000000 0.000000 0.000000
0 0 0.000000 0.000000 1.000000 1.000000 1.000000 0.000000 1.000000 0.000000 0.000000
0 0 0.000000 0.000000 1.000000 1.000000 1.000000 0.000000 1.000000 0.000000 0.000000
0 0 0.000000 0.000000 1.000000 1.166875 1.000000 0.000000 1.000000 0.000000 0.000000
0 0 0.000000 0.000000 1.000000 1.000000 1.000000 0.000000 1.000000 0.000000 0.000000
0 0 0.000000 0.000000 1.000000 1.166875 1.000000 0.000000 1.000000 0.000000 0.000000
0 0 0.000000 0.000000 1.000000 1.166875 1.000000 0.000000 1.000000 0.000000 0.000000
0 0 0.000000 0.000000 1.000000 1.166875 1.000000 0.000000 1.000000 0.000000 0.000000
0 0 0.000000 0.000000 1.000000 1.000000 1.000000 0.000000 1.000000 0.000000 0.000000
0 0 0.000000 0.000000 1.000000 1.000000 1.000000 0.000000 1.000000 0.000000 0.000000
0 0 0.000000 0.000000 1.000000 1.166875 1.000000 0.000000 1.000000 0.000000 0.000000
0 0 0.000000 0.000000 1.000000 1.000000 1.000000 0.000000 1.000000 0.000000 0.000000
0 0 0.000000 0.000000 1.000000 1.166875 1.000000 0.000000 1.000000 0.000000 0.000000
0 0 0.000000 0.000000 1.000000 1.166875 1.000000 0.000000 1.000000 0.000000 0.000000
0 0 0.000000 0.000000 1.000000 1.166875 1.000000 0.000000 1.000000 0.000000 0.000000
0 0 0.000000 0.000000 1.000000 1.000000 1.000000 0.000000 1.000000 0.000000 0.000000
0 0 0.000000 0.000000 1.000000 1.000000 1.000000 0.000000 1.000000 0.000000 0.000000
0 0 0.000000 0.000000 1.000000 1.166875 1.000000 0.000000 1.000000 0.000000 0.000000
0 0 0.000000 0.000000 1.000000 1.000000 1.000000 0.000000 1.000000 0.000000 0.000000
0 0 0.000000 0.000000 1.000000 1.166875 1.000000 0.000000 1.000000 0.000000 0.000000
0 0 0.000000 0.000000 1.000000 1.166875 1.000000 0.000000 1.000000 0.000000 0.000000
0 0 0.000000 0.000000 1.000000 1.166875 1.000000 0.000000 1.000000 0.000000 0.000000
0 0 0.000000 0.000000 1.000000 1.000000 1.000000 0.000000 1.000000 0.000000 0.000000
0 0 0.000000 0.000000 1.000000 1.000000 1.000000 0.000000 1.000000 0.000000 0.000000
0 0 0.000000 0.000000 1.000000 1.166875 1.000000 0.000000 1.000000 0.000000 0.000000
0 0 0.000000 0.000000 1.000000 1.000000 1.000000 0.000000 1.000000 0.000000 0.000000
0 0 0.000000 0.000000 1.000000 1.166875 1.000000 0.000000 1.000000 0.000000 0.000000
0 0 0.000000 0.000000 1.000000 1.166875 1.000000 0.000000 1.000000 0.000000 0.000000
0 0 0.000000 0.000000 1.000000 1.166875 1.000000 0.000000 1.000000 0.000000 0.000000
0 0 0.000000 0.000000 1.000000 1.000000 1.000000 0.000000 1.000000 0.000000 0.000000
0 0 0.000000 0.000000 1.000000 1.000000 1.000000 0.000000 1.000000 0.000000 0.000000
0 0 0.000000 0.000000 1.000000 1.166875 1.000000 0.000000 1.000000 0.000000 0.000000
0 0 0.000000 0.000000 1.000000 1.000000 1.000000 0.000000 1.000000 0.000000 0.000000
0 0 0.000000 0.000000 1.000000 1.166875 1.000000 0.000000 1.000000 0.000000 0.000000
0 0 0.000000 0.000000 1.000000 1.166875 1.000000 0.000000 1.000000 0.000000 0.000000
0 0 0.000000 0.000000 1.000000 1.166875 1.000000 0.000000 1.000000 0.000000 0.000000
0 0 0.000000 0.000000 1.000000 1.000000 1.000000 0.000000 1.000000 0.000000 0.000000
0 0 0.000000 0.000000 1.000000 1.000000 1.000000 0.000000 1.000000 0.000000 0.000000
0 0 0.000000 0.000000 1.000000 1.166875 1.000000 0.000000 1.000000 0.000000 0.000000
0 0 0.000000 0.000000 1.000000 1.000000 1.000000 0.000000 1.000000 0.000000 0.000000
0 0 0.000000 0.000000 1.000000 1.166875 1.000000 0.000000 1.000000 0.000000 0.000000
0 0 0.000000 0.000000 1.000000 1.166875 1.000000 0.000000 1.000000 0.000000 0.000000
0 0 0.000000 0.000000 1.000000 1.166875 1.000000 0.000000 1.000000 0.000000 0.000000
0 0 0.000000 0.000000 1.000000 1.000000 1.000000 0.000000 1.000000 0.000000 0.000000
0 0 0.000000 0.000000 1.000000 1.000000 1.000000 0.000000 1.000000 0.000000 0.000000
0 0 0.000000 0.000000 1.000000 1.166875 1.000000 0.000000 1.000000 0.000000 0.000000
0 0 0.000000 0.000000 1.000000 1.000000 1.000000 0.000000 1.000000 0.000000 0.000000
0 0 0.000000 0.000000 1.000000 1.166875 1.000000 0.000000 1.000000 0.000000 0.000000
0 0 0.000000 0.000000 1.000000 1.166875 1.000000 0.000000 1.000000 0.000000 0.000000
0 0 0.000000 0.000000 1.000000 1.166875 1.000000 0.000000 1.000000 0.000000 0.000000
0 0 0.000000 0.000000 1.000000 1.000000 1.000000 0.000000 1.000000 0.000000 0.000000
0 0 0.000000 0.000000 1.000000 1.000000 1.000000 0.000000 1.000000 0.000000 0.000000
0 0 0.000000 0.000000 1.000000 1.166875 1.000000 0.000000 1.000000 0.000000 0.000000
0 0 0.000000 0.000000 1.000000 1.000000 1.000000 0.000000 1.000000 0.000000 0.000000
0 0 0.000000 0.000000 1.000000 1.166875 1.000000 0.000000 1.000000 0.000000 0.000000
0 0 0.000000 0.000000 1.000000 1.166875 1.000000 0.000000 1.000000 0.000000 0.000000
0 0 0.000000 0.000000 1.000000 1.166875 1.000000 0.000000 1.000000 0.000000 0.000000
0 0 0.000000 0.000000 1.000000 1.000000 1.000000 0.000000 1.000000 0.000000 0.000000
0 0 0.000000 0.000000 1.000000 1.000000 1.000000 0.000000 1.000000 0.000000 0.000000
0 0 0.000000 0.000000 1.000000 1.166875 1.000000 0.000000 1.000000 0.000000 0.000000
0 0 0.000000 0.000000 1.000000 1.000000 1.000000 0.000000 1.000000 0.000000 0.000000
0 0 0.000000 0.000000 1.000000 1.166875 1.000000 0.000000 1.000000 0.000000 0.000000
0 0 0.000000 0.000000 1.000000 1.166875 1.000000 0.000000 1.000000 0.000000 0.000000
0 0 0.000000 0.000000 1.000000 1.166875 1.000000 0.000000 1.000000 0.000000 0.000000
0 0 0.000000 0.000000 1.000000 1.000000 1.000000 0.000000 1.000000 0.000000 0.000000
0 0 0.000000 0.000000 1.000000 1.000000 1.000000 0.000000 1.000000 0.000000 0.000000
0 0 0.000000 0.000000 1.000000 1.166875 1.000000 0.000000 1.000000 0.000000 0.000000
0 0 0.000000 0.000000 1.000000 1.000000 1.000000 0.000000 1.000000 0.000000 0.000000
0 0 0.000000 0.000000 1.000000 1.166875 1.000000 0.000000 1.000000 0.000000 0.000000
0 0 0.000000 0.000000 1.000000 1.166875 1.000000 0.000000 1.000000 0.000000 0.000000
0 0 0.000000 0.000000 1.000000 1.166875 1.000000 0.000000 1.000000 0.000000 0.000000
0 0 0.000000 0.000000 1.000000 1.000000 1.000000 0.000000 1.000000 0.000000 0.000000
0 0 0.000000 0.000000 1.000000 1.000000 1.000000 0.000000 1.000000 0.000000 0.000000
0 0 0.000000 0.000000 1.000000 1.166875 1.000000 0.000000 1.000000 0.000000 0.000000
0 0 0.000000 0.000000 1.000000 1.000000 1.000000 0.000000 1.000000 0.000000 0.000000
0 0 0.000000 0.000000 1.000000 1.166875 1.000000 0.000000 1.000000 0.000000 0.000000
0 0 0.000000 0.000000 1.000000 1.166875 1.000000 0.000000 1.000000 0.000000 0.000000
0 0 0.000000 0.000000 1.000000 1.166875 1.000000 0.000000 1.000000 0.000000 0.000000
0 0 0.000000 0.000000 1.000000 1.000000 1.000000 0.000000 1.000000 0.000000 0.000000
0 0 0.000000 0.000000 1.000000 1.000000 1.000000 0.000000 1.000000 0.000000 0.000000
0 0 0.000000 0.000000 1.000000 1.166875 1.000000 0.000000 1.000000 0.000000 0.000000
0 0 0.000000 0.000000 1.000000 1.000000 1.000000 0.000000 1.000000 0.000000 0.000000
0 0 0.000000 0.000000 1.000000 1.166875 1.000000 0.000000 1.000000 0.000000 0.000000
0 0 0.000000 0.000000 1.000000 1.166875 1.000000 0.000000 1.000000 0.000000 0.000000
0 0 0.000000 0.000000 1.000000 1.166875 1.000000 0.000000 1.000000 0.000000 0.000000
0 0 0.000000 0.000000 1.000000 1.000000 1.000000 0.000000 1.000000 0.000000 0.000000
0 0 0.000000 0.000000 1.000000 1.000000 1.000000 0.000000 1.000000 0.000000 0.000000
0 0 0.000000 0.000000 1.000000 1.166875 1.000000 0.000000 1.000000 0.000000 0.000000
0 0 0.000000 0.000000 1.000000 1.000000 1.000000 0.000000 1.000000 0.000000 0.000000
0 0 0.000000 0.000000 1.000000 1.166875 1.000000 0.000000 1.000000 0.000000 0.000000
0 0 0.000000 0.000000 1.000000 1.166875 1.000000 0.000000 1.000000 0.000000 0.000000
0 0 0.000000 0.000000 1.000000 1.166875 1.000000 0.000000 1.000000 0.000000 0.000000
0 0 0.000000 0.000000 1.000000 1.000000 1.000000 0.000000 1.000000 0.000000 0.000000
0 0 0.000000 0.000000 1.000000 1.000000 1.000000 0.000000 1.000000 0.000000 0.000000
0 0 0.000000 0.000000 1.000000 1.166875 1.000000 0.000000 1.000000 0.000000 0.000000
0 0 0.000000 0.000000 1.000000 1.000000 1.000000 0.000000 1.000000 0.000000 0.000000
0 0 0.000000 0.000000 1.000000 1.166875 1.000000 0.000000 1.000000 0.000000 0.000000
0 0 0.000000 0.000000 1.000000 1.166875 1.000000 0.000000 1.000000 0.000000 0.000000
0 0 0.000000 0.000000 1.000000 1.166875 1.000000 0.000000 1.000000 0.000000 0.000000
0 0 0.000000 0.000000 1.000000 1.000000 1.000000 0.000000 1.000000 0.000000 0.000000
0 0 0.000000 0.000000 1.000000 1.000000 1.000000 0.000000 1.000000 0.000000 0.000000
0 0 0.000000 0.000000 1.000000 1.166875 1.000000 0.000000 1.000000 0.000000 0.000000
0 0 0.000000 0.000000 1.000000 1.000000 1.000000 0.000000 1.000000 0.000000 0.000000
0 0 0.000000 0.000000 1.000000 1.166875 1.000000 0.000000 1.000000 0.000000 0.000000
0 0 0.000000 0.000000 1.000000 1.166875 1.000000 0.000000 1.000000 0.000000 0.000000
0 0 0.000000 0.000000 1.000000 1.166875 1.000000 0.000000 1.000000 0.000000 0.000000
0 0 0.000000 0.000000 1.000000 1.000000 1.000000 0.000000 1.000000 0.000000 0.000000
0 0 0.000000 0.000000 1.000000 1.000000 1.000000 0.000000 1.000000 0.000000 0.000000
0 0 0.000000 0.000000 1.000000 1.166875 1.000000 0.000000 1.000000 0.000000 0.000000
0 0 0.000000 0.000000 1.000000 1.000000 1.000000 0.000000 1.000000 0.000000 0.000000
0 0 0.000000 0.000000 1.000000 1.166875 1.000000 0.000000 1.000000 0.000000 0.000000
0 0 0.000000 0.000000 1.000000 1.166875 1.000000 0.000000 1.000000 0.000000 0.000000
0 0 0.000000 0.000000 1.000000 1.166875 1.000000 0.000000 1.000000 0.000000 0.000000
0 0 0.000000 0.000000 1.000000 1.000000 1.000000 0.000000 1.000000 0.000000 0.000000
0 0 0.000000 0.000000 1.000000 1.000000 1.000000 0.000000 1.000000 0.000000 0.000000
0 0 0.000000 0.000000 1.000000 1.166875 1.000000 0.000000 1.000000 0.000000 0.000000
0 0 0.000000 0.000000 1.000000 1.000000 1.000000 0.000000 1.000000 0.000000 0.000000
0 0 0.000000 0.000000 1.000000 1.166875 1.000000 0.000000 1.000000 0.000000 0.000000
0 0 0.000000 0.000000 1.000000 1.166875 1.000000 0.000000 1.000000 0.000000 0.000000
0 0 0.000000 0.000000 1.000000 1.166875 1.000000 0.000000 1.000000 0.000000 0.000000
0 0 0.000000 0.000000 1.000000 1.000000 1.000000 0.000000 1.000000 0.000000 0.000000
0 0 0.000000 0.000000 1.000000 1.000000 1.000000 0.000000 1.000000 0.000000 0.000000
0 0 0.000000 0.000000 1.000000 1.166875 1.000000 0.000000 1.000000 0.000000 0.000000
0 0 0.000000 0.000000 1.000000 1.000000 1.000000 0.000000 1.000000 0.000000 0.000000
0 0 0.000000 0.000000 1.000000 1.166875 1.000000 0.000000 1.000000 0.000000 0.000000
0 0 0.000000 0.000000 1.000000 1.166875 1.000000 0.000000 1.000000 0.000000 0.000000
0 0 0.000000 0.000000 1.000000 1.166875 1.000000 0.000000 1.000000 0.000000 0.000000
0 0 0.000000 0.000000 1.000000 1.000000 1.000000 0.000000 1.000000 0.000000 0.000000
0 0 0.000000 0.000000 1.000000 1.000000 1.000000 0.000000 1.000000 0.000000 0.000000
0 0 0.000000 0.000000 1.000000 1.166875 1.000000 0.000000 1.000000 0.000000 0.000000
0 0 0.000000 0.000000 1.000000 1.000000 1.000000 0.000000 1.000000 0.000000 0.000000
0 0 0.000000 0.000000 1.000000 1.166875 1.000000 0.000000 1.000000 0.000000 0.000000
0 0 0.000000 0.000000 1.000000 1.166875 1.000000 0.000000 1.000000 0.000000 0.000000
0 0 0.000000 0.000000 1.000000 1.166875 1.000000 0.000000 1.000000 0.000000 0.000000
0 0 0.000000 0.000000 1.000000 1.000000 1.000000 0.000000 1.000000 0.000000 0.000000
0 0 0.000000 0.000000 1.000000 1.000000 1.000000 0.000000 1.000000 0.000000 0.000000
0 0 0.000000 0.000000 1.000000 1.166875 1.000000 0.000000 1.000000 0.000000 0.000000
0 0 0.000000 0.000000 1.000000 1.000000 1.000000 0.000000 1.000000 0.000000 0.000000
0 0 0.000000 0.000000 1.000000 1.166875 1.000000 0.000000 1.000000 0.000000 0.000000
0 0 0.000000 0.000000 1.000000 1.166875 1.000000 0.000000 1.000000 0.000000 0.000000
0 0 0.000000 0.000000 1.000000 1.166875 1.000000 0.000000 1.000000 0.000000 0.000000
0 0 0.000000 0.000000 1.000000 1.000000 1.000000 0.000000 1.000000 0.000000 0.000000
0 0 0.000000 0.000000 1.000000 1.000000 1.000000 0.000000 1.000000 0.000000 0.000000
0 0 0.000000 0.000000 1.000000 1.166875 1.000000 0.000000 1.000000 0.000000 0.000000
0 0 0.000000 0.000000 1.000000 1.000000 1.000000 0.000000 1.000000 0.000000 0.000000
0 0 0.000000 0.000000 1.000000 1.166875 1.000000 0.000000 1.000000 0.000000 0.000000
0 0 0.000000 0.000000 1.000000 1.166875 1.000000 0.000000 1.000000 0.000000 0.000000
0 0 0.000000 0.000000 1.000000 1.166875 1.000000 0.000000 1.000000 0.000000 0.000000
0 0 0.000000 0.000000 1.000000 1.000000 1.000000 0.000000 1.000000 0.000000 0.000000
0 0 0.000000 0.000000 1.000000 1.000000 1.000000 0.000000 1.000000 0.000000 0.000000
0 0 0.000000 0.000000 1.000000 1.166875 1.000000 0.000000 1.000000 0.000000 0.000000
0 0 0.000000 0.000000 1.000000 1.000000 1.000000 0.000000 1.000000 0.000000 0.000000
0 0 0.000000 0.000000 1.000000 1.166875 1.000000 0.000000 1.000000 0.000000 0.000000
0 0 0.000000 0.000000 1.000000 1.166875 1.000000 0.000000 1.000000 0.000000 0.000000
0 0 0.000000 0.000000 1.000000 1.166875 1.000000 0.000000 1.000000 0.000000 0.000000
0 0 0.000000 0.000000 1.000000 1.000000 1.000000 0.000000 1.000000 0.000000 0.000000
0 0 0.000000 0.000000 1.000000 1.000000 1.000000 0.000000 1.000000 0.000000 0.000000
0 0 0.000000 0.000000 1.000000 1.166875 1.000000 0.000000 1.000000 0.000000 0.000000
0 0 0.000000 0.000000 1.000000 1.000000 1.000000 0.000000 1.000000 0.000000 0.000000
0 0 0.000000 0.000000 1.000000 1.166875 1.000000 0.000000 1.000000 0.000000 0.000000
0 0 0.000000 0.000000 1.000000 1.166875 1.000000 0.000000 1.000000 0.000000 0.000000
0 0 0.000000 0.000000 1.000000 1.166875 1.000000 0.000000 1.000000 0.000000 0.000000
0 0 0.000000 0.000000 1.000000 1.000000 1.000000 0.000000 1.000000 0.000000 0.000000
0 0 0.000000 0.000000 1.000000 1.000000 1.000000 0.000000 1.000000 0.000000 0.000000
0 0 0.000000 0.000000 1.000000 1.166875 1.000000 0.000000 1.000000 0.000000 0.000000
0 0 0.000000 0.000000 1.000000 1.000000 1.000000 0.000000 1.000000 0.000000 0.000000
0 0 0.000000 0.000000 1.000000 1.166875 1.000000 0.000000 1.000000 0.000000 0.000000
0 0 0.000000 0.000000 1.000000 1.166875 1.000000 0.000000 1.000000 0.000000 0.000000
0 0 0.000000 0.000000 1.000000 1.166875 1.000000 0.000000 1.000000 0.000000 0.000000
0 0 0.000000 0.000000 1.000000 1.000000 1.000000 0.000000 1.000000 0.000000 0.000000
0 0 0.000000 0.000000 1.000000 1.000000 1.000000 0.000000 1.000000 0.000000 0.000000
0 0 0.000000 0.000000 1.000000 1.166875 1.000000 0.000000 1.000000 0.000000 0.000000
0 0 0.000000 0.000000 1.000000 1.000000 1.000000 0.000000 1.000000 0.000000 0.000000
0 0 0.000000 0.000000 1.000000 1.166875 1.000000 0.000000 1.000000 0.000000 0.000000
0 0 0.000000 0.000000 1.000000 1.166875 1.000000 0.000000 1.000000 0.000000 0.000000
0 0 0.000000 0.000000 1.000000 1.166875 1.000000 0.000000 1.000000 0.000000 0.000000
0 0 0.000000 0.000000 1.000000 1.000000 1.000000 0.000000 1.000000 0.000000 0.000000
0 0 0.000000 0.000000 1.000000 1.000000 1.000000 0.000000 1.000000 0.000000 0.000000
0 0 0.000000 0.000000 1.000000 1.166875 1.000000 0.000000 1.000000 0.000000 0.000000
0 0 0.000000 0.000000 1.000000 1.000000 1.000000 0.000000 1.000000 0.000000 0.000000
0 0 0.000000 0.000000 1.000000 1.166875 1.000000 0.000000 1.000000 0.000000 0.000000
0 0 0.000000 0.000000 1.000000 1.166875 1.000000 0.000000 1.000000 0.000000 0.000000
0 0 0.000000 0.000000 1.000000 1.166875 1.000000 0.000000 1.000000 0.000000 0.000000
0 0 0.000000 0.000000 1.000000 1.000000 1.000000 0.000000 1.000000 0.000000 0.000000
0 0 0.000000 0.000000 1.000000 1.000000 1.000000 0.000000 1.000000 0.000000 0.000000
0 0 0.000000 0.000000 1.000000 1.166875 1.000000 0.000000 1.000000 0.000000 0.000000
0 0 0.000000 0.000000 1.000000 1.000000 1.000000 0.000000 1.000000 0.000000 0.000000
0 0 0.000000 0.000000 1.000000 1.166875 1.000000 0.000000 1.000000 0.000000 0.000000
0 0 0.000000 0.000000 1.000000 1.166875 1.000000 0.000000 1.000000 0.000000 0.000000
0 0 0.000000 0.000000 1.000000 1.166875 1.000000 0.000000 1.000000 0.000000 0.000000
0 0 0.000000 0.000000 1.000000 1.000000 1.000000 0.000000 1.000000 0.000000 0.000000
0 0 0.000000 0.000000 1.000000 1.000000 1.000000 0.000000 1.000000 0.000000 0.000000
0 0 0.000000 0.000000 1.000000 1.166875 1.000000 0.000000 1.000000 0.000000 0.000000
0 0 0.000000 0.000000 1.000000 1.000000 1.000000 0.000000 1.000000 0.000000 0.000000
0 0 0.000000 0.000000 1.000000 1.166875 1.000000 0.000000 1.000000 0.000000 0.000000
0 0 0.000000 0.000000 1.000000 1.166875 1.000000 0.000000 1.000000 0.000000 0.000000
0 0 0.000000 0.000000 1.000000 1.166875 1.000000 0.000000 1.000000 0.000000 0.000000
0 0 0.000000 0.000000 1.000000 1.000000 1.000000 0.000000 1.000000 0.000000 0.000000
0 0 0.000000 0.000000 1.000000 1.000000 1.000000 0.000000 1.000000 0.000000 0.000000
0 0 0.000000 0.000000 1.000000 1.166875 1.000000 0.000000 1.000000 0.000000 0.000000
0 0 0.000000 0.000000 1.000000 1.000000 1.000000 0.000000 1.000000 0.000000 0.000000
0 0 0.000000 0.000000 1.000000 1.166875 1.000000 0.000000 1.000000 0.000000 0.000000
0 0 0.000000 0.000000 1.000000 1.166875 1.000000 0.000000 1.000000 0.000000 0.000000
0 0 0.000000 0.000000 1.000000 1.166875 1.000000 0.000000 1.000000 0.000000 0.000000
0 0 0.000000 0.000000 1.000000 1.000000 1.000000 0.000000 1.000000 0.000000 0.000000
0 0 0.000000 0.000000 1.000000 1.000000 1.000000 0.000000 1.000000 0.000000 0.000000
0 0 0.000000 0.000000 1.000000 1.166875 1.000000 0.000000 1.000000 0.000000 0.000000
0 0 0.000000 0.000000 1.000000 1.000000 1.000000 0.000000 1.000000 0.000000 0.000000
0 0 0.000000 0.000000 1.000000 1.166875 1.000000 0.000000 1.000000 0.000000 0.000000
0 0 0.000000 0.000000 1.000000 1.166875 1.000000 0.000000 1.000000 0.000000 0.000000
0 0 0.000000 0.000000 1.000000 1.166875 1.000000 0.000000 1.000000 0.000000 0.000000
0 0 0.000000 0.000000 1.000000 1.000000 1.000000 0.000000 1.000000 0.000000 0.000000
0 0 0.000000 0.000000 1.000000 1.000000 1.000000 0.000000 1.000000 0.000000 0.000000
0 0 0.000000 0.000000 1.000000 1.166875 1.000000 0.000000 1.000000 0.000000 0.000000
0 0 0.000000 0.000000 1.000000 1.000000 1.000000 0.000000 1.000000 0.000000 0.000000
0 0 0.000000 0.000000 1.000000 1.166875 1.000000 0.000000 1.000000 0.000000 0.000000
0 0 0.000000 0.000000 1.000000 1.166875 1.000000 0.000000 1.000000 0.000000 0.000000
0 0 0.000000 0.000000 1.000000 1.166875 1.000000 0.000000 1.000000 0.000000 0.000000
0 0 0.000000 0.000000 1.000000 1.000000 1.000000 0.000000 1.000000 0.000000 0.000000
0 0 0.000000 0.000000 1.000000 1.000000 1.000000 0.000000 1.000000 0.000000 0.000000
0 0 0.000000 0.000000 1.000000 1.166875 1.000000 0.000000 1.000000 0.000000 0.000000
0 0 0.000000 0.000000 1.000000 1.000000 1.000000 0.000000 1.000000 0.000000 0.000000
0 0 0.000000 0.000000 1.000000 1.166875 1.000000 0.000000 1.000000 0.000000 0.000000
0 0 0.000000 0.000000 1.000000 1.166875 1.000000 0.000000 1.000000 0.000000 0.000000
0 0 0.000000 0.000000 1.000000 1.166875 1.000000 0.000000 1.000000 0.000000 0.000000
0 0 0.000000 0.000000 1.000000 1.000000 1.000000 0.000000 1.000000 0.000000 0.000000
0 0 0.000000 0.000000 1.000000 1.000000 1.000000 0.000000 1.000000 0.000000 0.000000
0 0 0.000000 0.000000 1.000000 1.166875 1.000000 0.000000 1.000000 0.000000 0.000000
0 0 0.000000 0.000000 1.000000 1.000000 1.000000 0.000000 1.000000 0.000000 0.000000
0 0 0.000000 0.000000 1.000000 1.166875 1.000000 0.000000 1.000000 0.000000 0.000000
0 0 0.000000 0.000000 1.000000 1.166875 1.000000 0.000000 1.000000 0.000000 0.000000
0 0 0.000000 0.000000 1.000000 1.166875 1.000000 0.000000 1.000000 0.000000 0.000000
0 0 0.000000 0.000000 1.000000 1.000000 1.000000 0.000000 1.000000 0.000000 0.000000
0 0 0.000000 0.000000 1.000000 1.000000 1.000000 0.000000 1.000000 0.000000 0.000000
0 0 0.000000 0.000000 1.000000 1.166875 1.000000 0.000000 1.000000 0.000000 0.000000
0 0 0.000000 0.000000 1.000000 1.000000 1.000000 0.000000 1.000000 0.000000 0.000000
0 0 0.000000 0.000000 1.000000 1.166875 1.000000 0.000000 1.000000 0.000000 0.000000
0 0 0.000000 0.000000 1.000000 1.166875 1.000000 0.000000 1.000000 0.000000 0.000000
0 0 0.000000 0.000000 1.000000 1.166875 1.000000 0.000000 1.000000 0.000000 0.000000
0 0 0.000000 0.000000 1.000000 1.000000 1.000000 0.000000 1.000000 0.000000 0.000000
0 0 0.000000 0.000000 1.000000 1.000000 1.000000 0.000000 1.000000 0.000000 0.000000
0 0 0.000000 0.000000 1.000000 1.166875 1.000000 0.000000 1.000000 0.000000 0.000000
0 0 0.000000 0.000000 1.000000 1.000000 1.000000 0.000000 1.000000 0.000000 0.000000
0 0 0.000000 0.000000 1.000000 1.166875 1.000000 0.000000 1.000000 0.000000 0.000000
0 0 0.000000 0.000000 1.000000 1.166875 1.000000 0.000000 1.000000 0.000000 0.000000
0 0 0.000000 0.000000 1.000000 1.166875 1.000000 0.000000 1.000000 0.000000 0.000000
0 0 0.000000 0.000000 1.000000 1.000000 1.000000 0.000000 1.000000 0.000000 0.000000
0 0 0.000000 0.000000 1.000000 1.000000 1.000000 0.000000 1.000000 0.000000 0.000000
0 0 0.000000 0.000000 1.000000 1.166875 1.000000 0.000000 1.000000 0.000000 0.000000
0 0 0.000000 0.000000 1.000000 1.000000 1.000000 0.000000 1.000000 0.000000 0.000000
0 0 0.000000 0.000000 1.000000 1.166875 1.000000 0.000000 1.000000 0.000000 0.000000
0 0 0.000000 0.000000 1.000000 1.166875 1.000000 0.000000 1.000000 0.000000 0.000000
0 0 0.000000 0.000000 1.000000 1.166875 1.000000 0.000000 1.000000 0.000000 0.000000
0 0 0.000000 0.000000 1.000000 1.000000 1.000000 0.000000 1.000000 0.000000 0.000000
0 0 0.000000 0.000000 1.000000 1.000000 1.000000 0.000000 1.000000 0.000000 0.000000
0 0 0.900000 0.010000 1.000000 1.000000 1.000000 0.000000 1.000000 -0.813851 0.170206
0 0 0.900000 0.019900 1.000000 1.000000 1.000000 0.984057 1.000000 -0.814288 0.169836
0 0 0.900000 0.029701 1.000000 1.000000 1.000000 0.984124 1.000000 -0.814720 0.169470
0 0 0.900000 0.039404 1.000000 1.000000 1.000000 0.984190 1.000000 -0.815150 0.169106
0 0 0.900000 0.049010 1.000000 1.000000 1.000000 0.984256 1.000000 -0.815575 0.168746
0 0 0.700000 0.058520 1.000000 1.000000 1.000000 0.984321 1.000000 -0.815998 0.168388
0 0 0.700000 0.067935 1.000000 1.000000 1.000000 0.984386 1.000000 -0.816416 0.168034
0 0 0.700000 0.077255 1.000000 1.000000 1.000000 0.984450 1.000000 -0.816832 0.167682
0 0 0.700000 0.086483 1.000000 1.000000 1.000000 0.984514 1.000000 -0.817244 0.167334
0 0 0.700000 0.095618 1.000000 1.000000 1.000000 0.984577 1.000000 -0.817652 0.166988
0 0 0.700000 0.104662 1.000000 1.000000 1.000000 0.984640 1.000000 -0.818057 0.166645
0 0 0.700000 0.113615 1.000000 1.000000 1.000000 0.984702 1.000000 -0.818459 0.166305
0 0 0.700000 0.122479 1.000000 1.000000 1.000000 0.984764 1.000000 -0.818858 0.165967
0 0 0.700000 0.131254 1.000000 1.000000 1.000000 0.984825 1.000000 -0.819254 0.165632
0 0 0.700000 0.139942 1.000000 1.000000 1.000000 0.984886 1.000000 -0.819646 0.165300
0 0 0.700000 0.148542 1.000000 1.000000 1.000000 0.984946 1.000000 -0.820035 0.164971
0 0 0.700000 0.157057 1.000000 1.000000 1.000000 0.985006 1.000000 -0.820422 0.164644
0 0 0.700000 0.165486 1.000000 1.000000 1.000000 0.985065 1.000000 -0.820805 0.164319
0 0 0.700000 0.173831 1.000000 1.000000 1.000000 0.985124 1.000000 -0.821185 0.163997
0 0 0.700000 0.182093 1.000000 1.000000 1.000000 0.985182 1.000000 -0.821562 0.163678
0 0 0.700000 0.190272 1.000000 1.000000 1.000000 0.985240 1.000000 -0.821936 0.163361
0 0 0.700000 0.198369 1.000000 1.000000 1.000000 0.985298 1.000000 -0.822308 0.163047
0 0 0.700000 0.206386 1.000000 1.000000 1.000000 0.985355 1.000000 -0.822676 0.162735
0 0 0.700000 0.214322 1.000000 1.000000 1.000000 0.985411 1.000000 -0.823042 0.162425
0 0 0.700000 0.222178 1.000000 1.000000 1.000000 0.985467 1.000000 -0.823405 0.162118
0 0 0.700000 0.229957 1.000000 1.000000 1.000000 0.985523 1.000000 -0.823765 0.161814
0 0 0.700000 0.237657 1.000000 1.000000 1.000000 0.985578 1.000000 -0.824122 0.161511
0 0 0.700000 0.245281 1.000000 1.000000 1.000000 0.985633 1.000000 -0.824477 0.161211
0 0 0.700000 0.252828 1.000000 1.000000 1.000000 0.985688 1.000000 -0.824829 0.160913
0 0 0.700000 0.260299 1.000000 1.000000 1.000000 0.985742 1.000000 -0.825178 0.160617
0 0 0.700000 0.267696 1.000000 1.000000 1.000000 0.985795 1.000000 -0.825525 0.160324
0 0 0.700000 0.275019 1.000000 1.000000 1.000000 0.985849 1.000000 -0.825869 0.160032
0 0 0.700000 0.282269 1.000000 1.000000 1.000000 0.985901 1.000000 -0.826210 0.159743
0 0 0.700000 0.289447 1.000000 1.000000 1.000000 0.985954 1.000000 -0.826549 0.159456
0 0 0.700000 0.296552 1.000000 1.000000 1.000000 0.986006 1.000000 -0.826886 0.159171
0 0 0.700000 0.303587 1.000000 1.000000 1.000000 0.986057 1.000000 -0.827220 0.158889
0 0 0.700000 0.310551 1.000000 1.000000 1.000000 0.986109 1.000000 -0.827552 0.158608
0 0 0.700000 0.317445 1.000000 1.000000 1.000000 0.986160 1.000000 -0.827881 0.158329
0 0 0.700000 0.324271 1.000000 1.000000 1.000000 0.986210 1.000000 -0.828208 0.158053
0 0 0.700000 0.331028 1.000000 1.000000 1.000000 0.986260 1.000000 -0.828532 0.157778
0 0 0.700000 0.337718 1.000000 1.000000 1.000000 0.986310 1.000000 -0.828854 0.157506
0 0 0.700000 0.344341 1.000000 1.000000 1.000000 0.986360 1.000000 -0.829174 0.157235
0 0 0.700000 0.350897 1.000000 1.000000 1.000000 0.986409 1.000000 -0.829491 0.156966
0 0 0.700000 0.357388 1.000000 1.000000 1.000000 0.986457 1.000000 -0.829806 0.156699
0 0 0.700000 0.363814 1.000000 1.000000 1.000000 0.986506 1.000000 -0.830119 0.156434
0 0 0.700000 0.370176 1.000000 1.000000 1.000000 0.986554 1.000000 -0.830430 0.156171
0 0 0.700000 0.376474 1.000000 1.000000 1.000000 0.986601 1.000000 -0.830739 0.155910
0 0 0.700000 0.382710 1.000000 1.000000 1.000000 0.986649 1.000000 -0.831045 0.155651
0 0 0.700000 0.388882 1.000000 1.000000 1.000000 0.986696 1.000000 -0.831349 0.155393
0 0 0.700000 0.394994 1.000000 1.000000 1.000000 0.986743 1.000000 -0.831651 0.155138
