0 0 0.900000 0.000000 0.341538 1.000000 0.341538 0.000000 0.341538 0.000000 0.000000
0 0 0.900000 0.000000 1.000000 1.000000 1.000000 0.000000 1.000000 0.000000 0.000000
0 0 0.900000 0.000000 1.000000 1.166875 1.000000 0.000000 1.000000 0.000000 0.000000
0 0 0.900000 0.000000 0.909091 1.000000 0.909091 0.000000 0.909091 0.000000 0.000000
0 0 0.900000 0.000000 0.454545 1.166875 0.454545 0.000000 0.454545 0.000000 0.000000
0 0 0.900000 0.000000 0.400000 1.166875 0.400000 0.000000 0.400000 0.000000 0.000000
0 0 0.900000 0.000000 0.083333 1.166875 0.083333 0.000000 0.083333 0.000000 0.000000
0 0 0.900000 0.000000 0.000000 1.000000 0.000000 0.000000 0.000000 0.000000 0.000000
0 0 0.900000 0.000000 0.000000 1.000000 0.000000 0.000000 0.000000 0.000000 0.000000
0 0 0.900000 0.000000 0.000000 1.166875 0.000000 0.000000 0.000000 0.000000 0.000000
0 0 0.900000 0.000000 0.083333 1.000000 0.083333 0.000000 0.083333 0.000000 0.000000
0 0 0.900000 0.000000 1.000000 1.166875 1.000000 0.000000 1.000000 0.000000 0.000000
0 0 0.900000 0.000000 1.000000 1.166875 1.000000 0.000000 1.000000 0.000000 0.000000
0 0 0.900000 0.000000 1.000000 1.166875 1.000000 0.000000 1.000000 0.000000 0.000000
0 0 0.900000 0.000000 1.000000 1.000000 1.000000 0.000000 1.000000 0.000000 0.000000
0 0 0.900000 0.000000 1.000000 1.000000 1.000000 0.000000 1.000000 0.000000 0.000000
0 0 0.900000 0.000000 1.000000 1.166875 1.000000 0.000000 1.000000 0.000000 0.000000
0 0 0.900000 0.000000 0.909091 1.000000 0.909091 0.000000 0.909091 0.000000 0.000000
0 0 0.900000 0.000000 0.800000 1.166875 0.800000 0.000000 0.800000 0.000000 0.000000
0 0 0.900000 0.000000 0.833333 1.166875 0.833333 0.000000 0.833333 0.000000 0.000000
0 0 0.900000 0.000000 0.818182 1.166875 0.818182 0.000000 0.818182 0.000000 0.000000
0 0 0.900000 0.000000 0.636364 1.000000 0.636364 0.000000 0.636364 0.000000 0.000000
0 0 0.900000 0.000000 0.636364 1.000000 0.636364 0.000000 0.636364 0.000000 0.000000
0 0 0.900000 0.000000 0.500000 1.166875 0.500000 0.000000 0.500000 0.000000 0.000000
0 0 0.900000 0.000000 0.750000 1.000000 0.750000 0.000000 0.750000 0.000000 0.000000
0 0 0.900000 0.000000 0.454545 1.166875 0.454545 0.000000 0.454545 0.000000 0.000000
0 0 0.900000 0.000000 0.636364 1.166875 0.636364 0.000000 0.636364 0.000000 0.000000
0 0 0.900000 0.000000 0.666667 1.166875 0.666667 0.000000 0.666667 0.000000 0.000000
0 0 0.900000 0.000000 0.555556 1.000000 0.555556 0.000000 0.555556 0.000000 0.000000
0 0 0.900000 0.000000 0.615385 1.000000 0.615385 0.000000 0.615385 0.000000 0.000000
0 0 0.900000 0.000000 0.600000 1.166875 0.600000 0.000000 0.600000 0.000000 0.000000
0 0 0.900000 0.000000 0.583333 1.000000 0.583333 0.000000 0.583333 0.000000 0.000000
0 0 0.900000 0.000000 0.600000 1.166875 0.600000 0.000000 0.600000 0.000000 0.000000
0 0 0.900000 0.000000 0.545455 1.166875 0.545455 0.000000 0.545455 0.000000 0.000000
0 0 0.900000 0.000000 0.583333 1.166875 0.583333 0.000000 0.583333 0.000000 0.000000
0 0 0.900000 0.000000 0.500000 1.000000 0.500000 0.000000 0.500000 0.000000 0.000000
0 0 0.900000 0.000000 0.636364 1.000000 0.636364 0.000000 0.636364 0.000000 0.000000
0 0 0.900000 0.000000 0.583333 1.166875 0.583333 0.000000 0.583333 0.000000 0.000000
0 0 0.900000 0.000000 0.636364 1.000000 0.636364 0.000000 0.636364 0.000000 0.000000
0 0 0.900000 0.000000 0.600000 1.166875 0.600000 0.000000 0.600000 0.000000 0.000000
0 0 0.900000 0.000000 0.583333 1.166875 0.583333 0.000000 0.583333 0.000000 0.000000
0 0 0.900000 0.000000 0.545455 1.166875 0.545455 0.000000 0.545455 0.000000 0.000000
0 0 0.900000 0.000000 0.600000 1.000000 0.600000 0.000000 0.600000 0.000000 0.000000
0 0 0.900000 0.000000 0.583333 1.000000 0.583333 0.000000 0.583333 0.000000 0.000000
0 0 0.900000 0.000000 0.545455 1.166875 0.545455 0.000000 0.545455 0.000000 0.000000
0 0 0.900000 0.000000 0.636364 1.000000 0.636364 0.000000 0.636364 0.000000 0.000000
0 0 0.900000 0.000000 0.636364 1.166875 0.636364 0.000000 0.636364 0.000000 0.000000
0 0 0.900000 0.000000 0.636364 1.166875 0.636364 0.000000 0.636364 0.000000 0.000000
0 0 0.900000 0.000000 0.666667 1.166875 0.666667 0.000000 0.666667 0.000000 0.000000
0 0 0.900000 0.000000 0.700000 1.000000 0.700000 0.000000 0.700000 0.000000 0.000000
0 0 0.900000 0.000000 0.636364 1.000000 0.636364 0.000000 0.636364 0.000000 0.000000
0 0 0.900000 0.000000 0.636364 1.166875 0.636364 0.000000 0.636364 0.000000 0.000000
0 0 0.900000 0.000000 0.636364 1.000000 0.636364 0.000000 0.636364 0.000000 0.000000
0 0 0.900000 0.000000 0.636364 1.166875 0.636364 0.000000 0.636364 0.000000 0.000000
0 0 0.900000 0.000000 0.545455 1.166875 0.545455 0.000000 0.545455 0.000000 0.000000
0 0 0.900000 0.000000 0.636364 1.166875 0.636364 0.000000 0.636364 0.000000 0.000000
0 0 0.900000 0.000000 0.666667 1.000000 0.666667 0.000000 0.666667 0.000000 0.000000
0 0 0.900000 0.000000 0.600000 1.000000 0.600000 0.000000 0.600000 0.000000 0.000000
0 0 0.900000 0.000000 0.666667 1.166875 0.666667 0.000000 0.666667 0.000000 0.000000
0 0 0.900000 0.000000 0.636364 1.000000 0.636364 0.000000 0.636364 0.000000 0.000000
0 0 0.900000 0.000000 0.900000 1.166875 0.900000 0.000000 0.900000 0.000000 0.000000
0 0 0.900000 0.000000 0.583333 1.166875 0.583333 0.000000 0.583333 0.000000 0.000000
0 0 0.900000 0.000000 0.727273 1.166875 0.727273 0.000000 0.727273 0.000000 0.000000
0 0 0.900000 0.000000 0.636364 1.000000 0.636364 0.000000 0.636364 0.000000 0.000000
0 0 0.900000 0.000000 0.636364 1.000000 0.636364 0.000000 0.636364 0.000000 0.000000
0 0 0.900000 0.000000 0.600000 1.166875 0.600000 0.000000 0.600000 0.000000 0.000000
0 0 0.900000 0.000000 0.636364 1.000000 0.636364 0.000000 0.636364 0.000000 0.000000
0 0 0.900000 0.000000 0.545455 1.166875 0.545455 0.000000 0.545455 0.000000 0.000000
0 0 0.900000 0.000000 0.666667 1.166875 0.666667 0.000000 0.666667 0.000000 0.000000
0 0 0.900000 0.000000 0.636364 1.166875 0.636364 0.000000 0.636364 0.000000 0.000000
0 0 0.900000 0.000000 0.636364 1.000000 0.636364 0.000000 0.636364 0.000000 0.000000
0 0 0.900000 0.000000 0.727273 1.000000 0.727273 0.000000 0.727273 0.000000 0.000000
0 0 0.900000 0.000000 0.636364 1.166875 0.636364 0.000000 0.636364 0.000000 0.000000
0 0 0.900000 0.000000 0.636364 1.000000 0.636364 0.000000 0.636364 0.000000 0.000000
0 0 0.900000 0.000000 0.750000 1.166875 0.750000 0.000000 0.750000 0.000000 0.000000
0 0 0.900000 0.000000 0.600000 1.166875 0.600000 0.000000 0.600000 0.000000 0.000000
0 0 0.900000 0.000000 0.545455 1.166875 0.545455 0.000000 0.545455 0.000000 0.000000
0 0 0.900000 0.000000 0.750000 1.000000 0.750000 0.000000 0.750000 0.000000 0.000000
0 0 0.900000 0.000000 0.600000 1.000000 0.600000 0.000000 0.600000 0.000000 0.000000
0 0 0.900000 0.000000 0.583333 1.166875 0.583333 0.000000 0.583333 0.000000 0.000000
0 0 0.900000 0.000000 0.600000 1.000000 0.600000 0.000000 0.600000 0.000000 0.000000
0 0 0.900000 0.000000 0.666667 1.166875 0.666667 0.000000 0.666667 0.000000 0.000000
0 0 0.900000 0.000000 0.636364 1.166875 0.636364 0.000000 0.636364 0.000000 0.000000
0 0 0.900000 0.000000 0.636364 1.166875 0.636364 0.000000 0.636364 0.000000 0.000000
0 0 0.900000 0.000000 0.636364 1.000000 0.636364 0.000000 0.636364 0.000000 0.000000
0 0 0.900000 0.000000 0.727273 1.000000 0.727273 0.000000 0.727273 0.000000 0.000000
0 0 0.900000 0.000000 0.636364 1.166875 0.636364 0.000000 0.636364 0.000000 0.000000
0 0 0.900000 0.000000 0.636364 1.000000 0.636364 0.000000 0.636364 0.000000 0.000000
0 0 0.900000 0.000000 0.636364 1.166875 0.636364 0.000000 0.636364 0.000000 0.000000
0 0 0.900000 0.000000 0.666667 1.166875 0.666667 0.000000 0.666667 0.000000 0.000000
0 0 0.900000 0.000000 0.727273 1.166875 0.727273 0.000000 0.727273 0.000000 0.000000
0 0 0.900000 0.000000 0.727273 1.000000 0.727273 0.000000 0.727273 0.000000 0.000000
0 0 0.900000 0.000000 0.727273 1.000000 0.727273 0.000000 0.727273 0.000000 0.000000
0 0 0.900000 0.000000 0.727273 1.166875 0.727273 0.000000 0.727273 0.000000 0.000000
0 0 0.900000 0.000000 0.818182 1.000000 0.818182 0.000000 0.818182 0.000000 0.000000
0 0 0.900000 0.000000 0.818182 1.166875 0.818182 0.000000 0.818182 0.000000 0.000000
0 0 0.900000 0.000000 0.727273 1.166875 0.727273 0.000000 0.727273 0.000000 0.000000
0 0 0.900000 0.000000 0.800000 1.166875 0.800000 0.000000 0.800000 0.000000 0.000000
0 0 0.900000 0.000000 0.750000 1.000000 0.750000 0.000000 0.750000 0.000000 0.000000
0 0 0.900000 0.000000 0.727273 1.000000 0.727273 0.000000 0.727273 0.000000 0.000000
0 0 0.900000 0.000000 0.727273 1.166875 0.727273 0.000000 0.727273 0.000000 0.000000
0 0 0.900000 0.000000 0.636364 1.000000 0.636364 0.000000 0.636364 0.000000 0.000000
0 0 0.900000 0.000000 0.636364 1.166875 0.636364 0.000000 0.636364 0.000000 0.000000
0 0 0.900000 0.000000 0.818182 1.166875 0.818182 0.000000 0.818182 0.000000 0.000000
0 0 0.900000 0.000000 0.666667 1.166875 0.666667 0.000000 0.666667 0.000000 0.000000
0 0 0.900000 0.000000 0.727273 1.000000 0.727273 0.000000 0.727273 0.000000 0.000000
0 0 0.900000 0.000000 0.700000 1.000000 0.700000 0.000000 0.700000 0.000000 0.000000
0 0 0.900000 0.000000 0.636364 1.166875 0.636364 0.000000 0.636364 0.000000 0.000000
0 0 0.900000 0.000000 0.666667 1.000000 0.666667 0.000000 0.666667 0.000000 0.000000
0 0 0.900000 0.000000 0.727273 1.166875 0.727273 0.000000 0.727273 0.000000 0.000000
0 0 0.900000 0.000000 0.727273 1.166875 0.727273 0.000000 0.727273 0.000000 0.000000
0 0 0.900000 0.000000 0.636364 1.166875 0.636364 0.000000 0.636364 0.000000 0.000000
0 0 0.900000 0.000000 0.818182 1.000000 0.818182 0.000000 0.818182 0.000000 0.000000
0 0 0.900000 0.000000 0.600000 1.000000 0.600000 0.000000 0.600000 0.000000 0.000000
0 0 0.900000 0.000000 0.666667 1.166875 0.666667 0.000000 0.666667 0.000000 0.000000
0 0 0.900000 0.000000 0.727273 1.000000 0.727273 0.000000 0.727273 0.000000 0.000000
0 0 0.900000 0.000000 0.727273 1.166875 0.727273 0.000000 0.727273 0.000000 0.000000
0 0 0.900000 0.000000 0.727273 1.166875 0.727273 0.000000 0.727273 0.000000 0.000000
0 0 0.900000 0.000000 0.727273 1.166875 0.727273 0.000000 0.727273 0.000000 0.000000
0 0 0.900000 0.000000 0.833333 1.000000 0.833333 0.000000 0.833333 0.000000 0.000000
0 0 0.900000 0.000000 0.545455 1.000000 0.545455 0.000000 0.545455 0.000000 0.000000
0 0 0.900000 0.000000 0.700000 1.166875 0.700000 0.000000 0.700000 0.000000 0.000000
0 0 0.900000 0.000000 0.750000 1.000000 0.750000 0.000000 0.750000 0.000000 0.000000
0 0 0.900000 0.000000 0.636364 1.166875 0.636364 0.000000 0.636364 0.000000 0.000000
0 0 0.900000 0.000000 0.727273 1.166875 0.727273 0.000000 0.727273 0.000000 0.000000
0 0 0.900000 0.000000 0.750000 1.166875 0.750000 0.000000 0.750000 0.000000 0.000000
0 0 0.900000 0.000000 0.600000 1.000000 0.600000 0.000000 0.600000 0.000000 0.000000
0 0 0.900000 0.000000 0.750000 1.000000 0.750000 0.000000 0.750000 0.000000 0.000000
0 0 0.900000 0.000000 0.700000 1.166875 0.700000 0.000000 0.700000 0.000000 0.000000
0 0 0.900000 0.000000 0.666667 1.000000 0.666667 0.000000 0.666667 0.000000 0.000000
0 0 0.900000 0.000000 0.700000 1.166875 0.700000 0.000000 0.700000 0.000000 0.000000
0 0 0.900000 0.000000 0.750000 1.166875 0.750000 0.000000 0.750000 0.000000 0.000000
0 0 0.900000 0.000000 0.909091 1.166875 0.909091 0.000000 0.909091 0.000000 0.000000
0 0 0.900000 0.000000 0.666667 1.000000 0.666667 0.000000 0.666667 0.000000 0.000000
0 0 0.900000 0.000000 0.636364 1.000000 0.636364 0.000000 0.636364 0.000000 0.000000
0 0 0.900000 0.000000 0.636364 1.166875 0.636364 0.000000 0.636364 0.000000 0.000000
0 0 0.900000 0.000000 0.700000 1.000000 0.700000 0.000000 0.700000 0.000000 0.000000
0 0 0.900000 0.000000 0.583333 1.166875 0.583333 0.000000 0.583333 0.000000 0.000000
0 0 0.900000 0.000000 0.636364 1.166875 0.636364 0.000000 0.636364 0.000000 0.000000
0 0 0.900000 0.000000 0.600000 1.166875 0.600000 0.000000 0.600000 0.000000 0.000000
0 0 0.900000 0.000000 0.666667 1.000000 0.666667 0.000000 0.666667 0.000000 0.000000
0 0 0.900000 0.000000 0.545455 1.000000 0.545455 0.000000 0.545455 0.000000 0.000000
0 0 0.900000 0.000000 0.545455 1.166875 0.545455 0.000000 0.545455 0.000000 0.000000
0 0 0.900000 0.000000 0.636364 1.000000 0.636364 0.000000 0.636364 0.000000 0.000000
0 0 0.900000 0.000000 0.727273 1.166875 0.727273 0.000000 0.727273 0.000000 0.000000
0 0 0.900000 0.000000 0.636364 1.166875 0.636364 0.000000 0.636364 0.000000 0.000000
0 0 0.900000 0.000000 0.636364 1.166875 0.636364 0.000000 0.636364 0.000000 0.000000
0 0 0.900000 0.000000 0.636364 1.000000 0.636364 0.000000 0.636364 0.000000 0.000000
0 0 0.900000 0.000000 0.583333 1.000000 0.583333 0.000000 0.583333 0.000000 0.000000
0 0 0.900000 0.000000 0.636364 1.166875 0.636364 0.000000 0.636364 0.000000 0.000000
0 0 0.900000 0.000000 0.636364 1.000000 0.636364 0.000000 0.636364 0.000000 0.000000
0 0 0.900000 0.000000 0.600000 1.166875 0.600000 0.000000 0.600000 0.000000 0.000000
0 0 0.900000 0.000000 0.545455 1.166875 0.545455 0.000000 0.545455 0.000000 0.000000
0 0 0.900000 0.000000 0.750000 1.166875 0.750000 0.000000 0.750000 0.000000 0.000000
0 0 0.900000 0.000000 0.545455 1.000000 0.545455 0.000000 0.545455 0.000000 0.000000
0 0 0.900000 0.000000 0.545455 1.000000 0.545455 0.000000 0.545455 0.000000 0.000000
0 0 0.900000 0.000000 0.636364 1.166875 0.636364 0.000000 0.636364 0.000000 0.000000
0 0 0.900000 0.000000 0.636364 1.000000 0.636364 0.000000 0.636364 0.000000 0.000000
0 0 0.900000 0.000000 0.454545 1.166875 0.454545 0.000000 0.454545 0.000000 0.000000
0 0 0.900000 0.000000 0.600000 1.166875 0.600000 0.000000 0.600000 0.000000 0.000000
0 0 0.900000 0.000000 0.583333 1.166875 0.583333 0.000000 0.583333 0.000000 0.000000
0 0 0.900000 0.000000 0.636364 1.000000 0.636364 0.000000 0.636364 0.000000 0.000000
0 0 0.900000 0.000000 0.545455 1.000000 0.545455 0.000000 0.545455 0.000000 0.000000
0 0 0.900000 0.000000 0.636364 1.166875 0.636364 0.000000 0.636364 0.000000 0.000000
0 0 0.900000 0.000000 0.545455 1.000000 0.545455 0.000000 0.545455 0.000000 0.000000
0 0 0.900000 0.000000 0.545455 1.166875 0.545455 0.000000 0.545455 0.000000 0.000000
0 0 0.900000 0.000000 0.636364 1.166875 0.636364 0.000000 0.636364 0.000000 0.000000
0 0 0.900000 0.000000 0.636364 1.166875 0.636364 0.000000 0.636364 0.000000 0.000000
0 0 0.900000 0.000000 0.500000 1.000000 0.500000 0.000000 0.500000 0.000000 0.000000
0 0 0.900000 0.000000 0.666667 1.000000 0.666667 0.000000 0.666667 0.000000 0.000000
0 0 0.900000 0.000000 0.636364 1.166875 0.636364 0.000000 0.636364 0.000000 0.000000
0 0 0.900000 0.000000 0.727273 1.000000 0.727273 0.000000 0.727273 0.000000 0.000000
0 0 0.900000 0.000000 0.666667 1.166875 0.666667 0.000000 0.666667 0.000000 0.000000
0 0 0.900000 0.000000 0.666667 1.166875 0.666667 0.000000 0.666667 0.000000 0.000000
0 0 0.900000 0.000000 0.666667 1.166875 0.666667 0.000000 0.666667 0.000000 0.000000
0 0 0.900000 0.000000 0.666667 1.000000 0.666667 0.000000 0.666667 0.000000 0.000000
0 0 0.900000 0.000000 0.700000 1.000000 0.700000 0.000000 0.700000 0.000000 0.000000
0 0 0.900000 0.000000 0.636364 1.166875 0.636364 0.000000 0.636364 0.000000 0.000000
0 0 0.900000 0.000000 0.750000 1.000000 0.750000 0.000000 0.750000 0.000000 0.000000
0 0 0.900000 0.000000 0.818182 1.166875 0.818182 0.000000 0.818182 0.000000 0.000000
0 0 0.900000 0.000000 0.666667 1.166875 0.666667 0.000000 0.666667 0.000000 0.000000
0 0 0.900000 0.000000 0.583333 1.166875 0.583333 0.000000 0.583333 0.000000 0.000000
0 0 0.900000 0.000000 0.727273 1.000000 0.727273 0.000000 0.727273 0.000000 0.000000
0 0 0.900000 0.000000 0.636364 1.000000 0.636364 0.000000 0.636364 0.000000 0.000000
0 0 0.900000 0.000000 0.583333 1.166875 0.583333 0.000000 0.583333 0.000000 0.000000
0 0 0.900000 0.000000 0.636364 1.000000 0.636364 0.000000 0.636364 0.000000 0.000000
0 0 0.900000 0.000000 0.636364 1.166875 0.636364 0.000000 0.636364 0.000000 0.000000
0 0 0.900000 0.000000 0.454545 1.166875 0.454545 0.000000 0.454545 0.000000 0.000000
0 0 0.900000 0.000000 0.545455 1.166875 0.545455 0.000000 0.545455 0.000000 0.000000
0 0 0.900000 0.000000 0.700000 1.000000 0.700000 0.000000 0.700000 0.000000 0.000000
0 0 0.900000 0.000000 0.666667 1.000000 0.666667 0.000000 0.666667 0.000000 0.000000
0 0 0.900000 0.000000 0.545455 1.166875 0.545455 0.000000 0.545455 0.000000 0.000000
0 0 0.900000 0.000000 0.700000 1.000000 0.700000 0.000000 0.700000 0.000000 0.000000
0 0 0.900000 0.000000 0.692308 1.166875 0.692308 0.000000 0.692308 0.000000 0.000000
0 0 0.900000 0.000000 0.666667 1.166875 0.666667 0.000000 0.666667 0.000000 0.000000
0 0 0.900000 0.000000 0.750000 1.166875 0.750000 0.000000 0.750000 0.000000 0.000000
0 0 0.900000 0.000000 0.727273 1.000000 0.727273 0.000000 0.727273 0.000000 0.000000
0 0 0.900000 0.000000 0.666667 1.000000 0.666667 0.000000 0.666667 0.000000 0.000000
0 0 0.900000 0.000000 0.727273 1.166875 0.727273 0.000000 0.727273 0.000000 0.000000
0 0 0.900000 0.000000 0.909091 1.000000 0.909091 0.000000 0.909091 0.000000 0.000000
0 0 0.900000 0.000000 0.818182 1.166875 0.818182 0.000000 0.818182 0.000000 0.000000
0 0 0.900000 0.000000 0.900000 1.166875 0.900000 0.000000 0.900000 0.000000 0.000000
0 0 0.900000 0.000000 0.909091 1.166875 0.909091 0.000000 0.909091 0.000000 0.000000
0 0 0.900000 0.000000 0.818182 1.000000 0.818182 0.000000 0.818182 0.000000 0.000000
0 0 0.900000 0.000000 0.750000 1.000000 0.750000 0.000000 0.750000 0.000000 0.000000
0 0 0.900000 0.000000 0.818182 1.166875 0.818182 0.000000 0.818182 0.000000 0.000000
0 0 0.900000 0.000000 0.833333 1.000000 0.833333 0.000000 0.833333 0.000000 0.000000
0 0 0.900000 0.000000 0.727273 1.166875 0.727273 0.000000 0.727273 0.000000 0.000000
0 0 0.900000 0.000000 0.900000 1.166875 0.900000 0.000000 0.900000 0.000000 0.000000
0 0 0.900000 0.000000 0.818182 1.166875 0.818182 0.000000 0.818182 0.000000 0.000000
0 0 0.900000 0.000000 0.818182 1.000000 0.818182 0.000000 0.818182 0.000000 0.000000
0 0 0.900000 0.000000 0.818182 1.000000 0.818182 0.000000 0.818182 0.000000 0.000000
0 0 0.900000 0.000000 0.818182 1.166875 0.818182 0.000000 0.818182 0.000000 0.000000
0 0 0.900000 0.000000 0.818182 1.000000 0.818182 0.000000 0.818182 0.000000 0.000000
0 0 0.900000 0.000000 0.750000 1.166875 0.750000 0.000000 0.750000 0.000000 0.000000
0 0 0.900000 0.000000 0.818182 1.166875 0.818182 0.000000 0.818182 0.000000 0.000000
0 0 0.900000 0.000000 0.800000 1.166875 0.800000 0.000000 0.800000 0.000000 0.000000
0 0 0.900000 0.000000 0.818182 1.000000 0.818182 0.000000 0.818182 0.000000 0.000000
0 0 0.900000 0.000000 0.818182 1.000000 0.818182 0.000000 0.818182 0.000000 0.000000
0 0 0.900000 0.000000 0.636364 1.166875 0.636364 0.000000 0.636364 0.000000 0.000000
0 0 0.900000 0.000000 0.909091 1.000000 0.909091 0.000000 0.909091 0.000000 0.000000
0 0 0.900000 0.000000 0.750000 1.166875 0.750000 0.000000 0.750000 0.000000 0.000000
0 0 0.900000 0.000000 0.818182 1.166875 0.818182 0.000000 0.818182 0.000000 0.000000
0 0 0.900000 0.000000 0.818182 1.166875 0.818182 0.000000 0.818182 0.000000 0.000000
0 0 0.900000 0.000000 0.818182 1.000000 0.818182 0.000000 0.818182 0.000000 0.000000
0 0 0.900000 0.000000 0.727273 1.000000 0.727273 0.000000 0.727273 0.000000 0.000000
0 0 0.900000 0.000000 0.900000 1.166875 0.900000 0.000000 0.900000 0.000000 0.000000
0 0 0.900000 0.000000 0.833333 1.000000 0.833333 0.000000 0.833333 0.000000 0.000000
0 0 0.900000 0.000000 0.727273 1.166875 0.727273 0.000000 0.727273 0.000000 0.000000
0 0 0.900000 0.000000 0.818182 1.166875 0.818182 0.000000 0.818182 0.000000 0.000000
0 0 0.900000 0.000000 0.818182 1.166875 0.818182 0.000000 0.818182 0.000000 0.000000
0 0 0.900000 0.000000 0.818182 1.000000 0.818182 0.000000 0.818182 0.000000 0.000000
0 0 0.900000 0.000000 0.636364 1.000000 0.636364 0.000000 0.636364 0.000000 0.000000
0 0 0.900000 0.000000 0.818182 1.166875 0.818182 0.000000 0.818182 0.000000 0.000000
0 0 0.900000 0.000000 0.750000 1.000000 0.750000 0.000000 0.750000 0.000000 0.000000
0 0 0.900000 0.000000 0.700000 1.166875 0.700000 0.000000 0.700000 0.000000 0.000000
0 0 0.900000 0.000000 0.727273 1.166875 0.727273 0.000000 0.727273 0.000000 0.000000
0 0 0.900000 0.000000 0.818182 1.166875 0.818182 0.000000 0.818182 0.000000 0.000000
0 0 0.900000 0.000000 0.727273 1.000000 0.727273 0.000000 0.727273 0.000000 0.000000
0 0 0.900000 0.000000 0.727273 1.000000 0.727273 0.000000 0.727273 0.000000 0.000000
0 0 0.900000 0.000000 0.666667 1.166875 0.666667 0.000000 0.666667 0.000000 0.000000
0 0 0.900000 0.000000 0.800000 1.000000 0.800000 0.000000 0.800000 0.000000 0.000000
0 0 0.900000 0.000000 0.666667 1.166875 0.666667 0.000000 0.666667 0.000000 0.000000
0 0 0.900000 0.000000 0.800000 1.166875 0.800000 0.000000 0.800000 0.000000 0.000000
0 0 0.900000 0.000000 0.833333 1.166875 0.833333 0.000000 0.833333 0.000000 0.000000
0 0 0.900000 0.000000 0.727273 1.000000 0.727273 0.000000 0.727273 0.000000 0.000000
0 0 0.900000 0.000000 0.727273 1.000000 0.727273 0.000000 0.727273 0.000000 0.000000
0 0 0.900000 0.000000 0.818182 1.166875 0.818182 0.000000 0.818182 0.000000 0.000000
0 0 0.900000 0.000000 0.727273 1.000000 0.727273 0.000000 0.727273 0.000000 0.000000
0 0 0.900000 0.000000 0.636364 1.166875 0.636364 0.000000 0.636364 0.000000 0.000000
0 0 0.900000 0.000000 0.818182 1.166875 0.818182 0.000000 0.818182 0.000000 0.000000
0 0 0.900000 0.000000 0.727273 1.166875 0.727273 0.000000 0.727273 0.000000 0.000000
0 0 0.900000 0.000000 0.727273 1.000000 0.727273 0.000000 0.727273 0.000000 0.000000
0 0 0.900000 0.000000 0.700000 1.000000 0.700000 0.000000 0.700000 0.000000 0.000000
0 0 0.900000 0.000000 0.666667 1.166875 0.666667 0.000000 0.666667 0.000000 0.000000
0 0 0.900000 0.000000 0.818182 1.000000 0.818182 0.000000 0.818182 0.000000 0.000000
0 0 0.900000 0.000000 0.727273 1.166875 0.727273 0.000000 0.727273 0.000000 0.000000
0 0 0.900000 0.000000 0.750000 1.166875 0.750000 0.000000 0.750000 0.000000 0.000000
0 0 0.900000 0.000000 0.700000 1.166875 0.700000 0.000000 0.700000 0.000000 0.000000
0 0 0.900000 0.000000 0.750000 1.000000 0.750000 0.000000 0.750000 0.000000 0.000000
0 0 0.900000 0.000000 0.777778 1.000000 0.777778 0.000000 0.777778 0.000000 0.000000
0 0 0.900000 0.000000 0.666667 1.166875 0.666667 0.000000 0.666667 0.000000 0.000000
0 0 0.900000 0.000000 0.727273 1.000000 0.727273 0.000000 0.727273 0.000000 0.000000
0 0 0.900000 0.000000 0.818182 1.166875 0.818182 0.000000 0.818182 0.000000 0.000000
0 0 0.900000 0.000000 0.727273 1.166875 0.727273 0.000000 0.727273 0.000000 0.000000
0 0 0.900000 0.000000 0.727273 1.166875 0.727273 0.000000 0.727273 0.000000 0.000000
0 0 0.900000 0.000000 0.833333 1.000000 0.833333 0.000000 0.833333 0.000000 0.000000
0 0 0.900000 0.000000 0.700000 1.000000 0.700000 0.000000 0.700000 0.000000 0.000000
0 0 0.900000 0.000000 0.666667 1.166875 0.666667 0.000000 0.666667 0.000000 0.000000
0 0 0.900000 0.000000 0.818182 1.000000 0.818182 0.000000 0.818182 0.000000 0.000000
0 0 0.900000 0.000000 0.727273 1.166875 0.727273 0.000000 0.727273 0.000000 0.000000
0 0 0.900000 0.000000 0.727273 1.166875 0.727273 0.000000 0.727273 0.000000 0.000000
0 0 0.900000 0.000000 0.818182 1.166875 0.818182 0.000000 0.818182 0.000000 0.000000
0 0 0.900000 0.000000 0.900000 1.000000 0.900000 0.000000 0.900000 0.000000 0.000000
0 0 0.900000 0.000000 0.727273 1.000000 0.727273 0.000000 0.727273 0.000000 0.000000
0 0 0.900000 0.000000 0.727273 1.166875 0.727273 0.000000 0.727273 0.000000 0.000000
0 0 0.900000 0.000000 0.727273 1.000000 0.727273 0.000000 0.727273 0.000000 0.000000
0 0 0.900000 0.000000 0.666667 1.166875 0.666667 0.000000 0.666667 0.000000 0.000000
0 0 0.900000 0.000000 0.800000 1.166875 0.800000 0.000000 0.800000 0.000000 0.000000
0 0 0.900000 0.000000 0.833333 1.166875 0.833333 0.000000 0.833333 0.000000 0.000000
0 0 0.900000 0.000000 0.727273 1.000000 0.727273 0.000000 0.727273 0.000000 0.000000
0 0 0.900000 0.000000 0.636364 1.000000 0.636364 0.000000 0.636364 0.000000 0.000000
0 0 0.900000 0.000000 0.818182 1.166875 0.818182 0.000000 0.818182 0.000000 0.000000
0 0 0.900000 0.000000 0.750000 1.000000 0.750000 0.000000 0.750000 0.000000 0.000000
0 0 0.900000 0.000000 0.700000 1.166875 0.700000 0.000000 0.700000 0.000000 0.000000
0 0 0.900000 0.000000 0.833333 1.166875 0.833333 0.000000 0.833333 0.000000 0.000000
0 0 0.900000 0.000000 0.900000 1.166875 0.900000 0.000000 0.900000 0.000000 0.000000
0 0 0.900000 0.000000 0.636364 1.000000 0.636364 0.000000 0.636364 0.000000 0.000000
0 0 0.900000 0.000000 0.818182 1.000000 0.818182 0.000000 0.818182 0.000000 0.000000
0 0 0.900000 0.000000 0.727273 1.166875 0.727273 0.000000 0.727273 0.000000 0.000000
0 0 0.900000 0.000000 0.750000 1.000000 0.750000 0.000000 0.750000 0.000000 0.000000
0 0 0.900000 0.000000 0.800000 1.166875 0.800000 0.000000 0.800000 0.000000 0.000000
0 0 0.900000 0.000000 0.727273 1.166875 0.727273 0.000000 0.727273 0.000000 0.000000
0 0 0.900000 0.000000 0.750000 1.166875 0.750000 0.000000 0.750000 0.000000 0.000000
0 0 0.900000 0.000000 0.800000 1.000000 0.800000 0.000000 0.800000 0.000000 0.000000
0 0 0.900000 0.000000 0.666667 1.000000 0.666667 0.000000 0.666667 0.000000 0.000000
0 0 0.900000 0.000000 0.727273 1.166875 0.727273 0.000000 0.727273 0.000000 0.000000
0 0 0.900000 0.000000 0.727273 1.000000 0.727273 0.000000 0.727273 0.000000 0.000000
0 0 0.900000 0.000000 0.818182 1.166875 0.818182 0.000000 0.818182 0.000000 0.000000
0 0 0.900000 0.000000 0.727273 1.166875 0.727273 0.000000 0.727273 0.000000 0.000000
0 0 0.900000 0.000000 0.727273 1.166875 0.727273 0.000000 0.727273 0.000000 0.000000
0 0 0.900000 0.000000 0.833333 1.000000 0.833333 0.000000 0.833333 0.000000 0.000000
0 0 0.900000 0.000000 0.800000 1.000000 0.800000 0.000000 0.800000 0.000000 0.000000
0 0 0.900000 0.000000 0.636364 1.166875 0.636364 0.000000 0.636364 0.000000 0.000000
0 0 0.900000 0.000000 0.818182 1.000000 0.818182 0.000000 0.818182 0.000000 0.000000
0 0 0.900000 0.000000 0.727273 1.166875 0.727273 0.000000 0.727273 0.000000 0.000000
0 0 0.900000 0.000000 0.636364 1.166875 0.636364 0.000000 0.636364 0.000000 0.000000
0 0 0.900000 0.000000 0.818182 1.166875 0.818182 0.000000 0.818182 0.000000 0.000000
0 0 0.900000 0.000000 0.818182 1.000000 0.818182 0.000000 0.818182 0.000000 0.000000
0 0 0.900000 0.000000 0.727273 1.000000 0.727273 0.000000 0.727273 0.000000 0.000000
0 0 0.900000 0.000000 0.636364 1.166875 0.636364 0.000000 0.636364 0.000000 0.000000
0 0 0.900000 0.000000 0.818182 1.000000 0.818182 0.000000 0.818182 0.000000 0.000000
0 0 0.900000 0.000000 0.666667 1.166875 0.666667 0.000000 0.666667 0.000000 0.000000
0 0 0.900000 0.000000 0.727273 1.166875 0.727273 0.000000 0.727273 0.000000 0.000000
0 0 0.900000 0.000000 0.818182 1.166875 0.818182 0.000000 0.818182 0.000000 0.000000
0 0 0.900000 0.000000 0.700000 1.000000 0.700000 0.000000 0.700000 0.000000 0.000000
0 0 0.900000 0.000000 0.750000 1.000000 0.750000 0.000000 0.750000 0.000000 0.000000
0 0 0.900000 0.000000 0.727273 1.166875 0.727273 0.000000 0.727273 0.000000 0.000000
0 0 0.900000 0.000000 0.727273 1.000000 0.727273 0.000000 0.727273 0.000000 0.000000
0 0 0.900000 0.000000 0.600000 1.166875 0.600000 0.000000 0.600000 0.000000 0.000000
0 0 0.900000 0.000000 0.909091 1.166875 0.909091 0.000000 0.909091 0.000000 0.000000
0 0 0.900000 0.000000 0.818182 1.166875 0.818182 0.000000 0.818182 0.000000 0.000000
0 0 0.900000 0.000000 0.666667 1.000000 0.666667 0.000000 0.666667 0.000000 0.000000
0 0 0.900000 0.000000 0.700000 1.000000 0.700000 0.000000 0.700000 0.000000 0.000000
0 0 0.900000 0.000000 0.727273 1.166875 0.727273 0.000000 0.727273 0.000000 0.000000
0 0 0.900000 0.000000 0.666667 1.000000 0.666667 0.000000 0.666667 0.000000 0.000000
0 0 0.900000 0.000000 0.727273 1.166875 0.727273 0.000000 0.727273 0.000000 0.000000
0 0 0.900000 0.000000 0.727273 1.166875 0.727273 0.000000 0.727273 0.000000 0.000000
0 0 0.900000 0.000000 0.727273 1.166875 0.727273 0.000000 0.727273 0.000000 0.000000
0 0 0.900000 0.000000 0.727273 1.000000 0.727273 0.000000 0.727273 0.000000 0.000000
0 0 0.900000 0.000000 0.727273 1.000000 0.727273 0.000000 0.727273 0.000000 0.000000
0 0 0.900000 0.000000 0.727273 1.166875 0.727273 0.000000 0.727273 0.000000 0.000000
0 0 0.900000 0.000000 0.727273 1.000000 0.727273 0.000000 0.727273 0.000000 0.000000
0 0 0.900000 0.000000 0.727273 1.166875 0.727273 0.000000 0.727273 0.000000 0.000000
0 0 0.900000 0.000000 0.818182 1.166875 0.818182 0.000000 0.818182 0.000000 0.000000
0 0 0.900000 0.000000 0.727273 1.166875 0.727273 0.000000 0.727273 0.000000 0.000000
0 0 0.900000 0.000000 0.818182 1.000000 0.818182 0.000000 0.818182 0.000000 0.000000
0 0 0.900000 0.000000 0.750000 1.000000 0.750000 0.000000 0.750000 0.000000 0.000000
0 0 0.900000 0.000000 0.727273 1.166875 0.727273 0.000000 0.727273 0.000000 0.000000
0 0 0.900000 0.000000 0.727273 1.000000 0.727273 0.000000 0.727273 0.000000 0.000000
0 0 0.900000 0.000000 0.700000 1.166875 0.700000 0.000000 0.700000 0.000000 0.000000
0 0 0.900000 0.000000 0.750000 1.166875 0.750000 0.000000 0.750000 0.000000 0.000000
0 0 0.900000 0.000000 0.727273 1.166875 0.727273 0.000000 0.727273 0.000000 0.000000
0 0 0.900000 0.000000 0.900000 1.000000 0.900000 0.000000 0.900000 0.000000 0.000000
0 0 0.900000 0.000000 0.727273 1.000000 0.727273 0.000000 0.727273 0.000000 0.000000
0 0 0.900000 0.000000 0.727273 1.166875 0.727273 0.000000 0.727273 0.000000 0.000000
0 0 0.900000 0.000000 0.583333 1.000000 0.583333 0.000000 0.583333 0.000000 0.000000
0 0 0.900000 0.000000 0.545455 1.166875 0.545455 0.000000 0.545455 0.000000 0.000000
0 0 0.900000 0.000000 0.727273 1.166875 0.727273 0.000000 0.727273 0.000000 0.000000
0 0 0.900000 0.000000 0.900000 1.166875 0.900000 0.000000 0.900000 0.000000 0.000000
0 0 0.900000 0.000000 0.818182 1.000000 0.818182 0.000000 0.818182 0.000000 0.000000
0 0 0.900000 0.000000 0.636364 1.000000 0.636364 0.000000 0.636364 0.000000 0.000000
0 0 0.900000 0.000000 0.692308 1.166875 0.692308 0.000000 0.692308 0.000000 0.000000
0 0 0.900000 0.000000 0.700000 1.000000 0.700000 0.000000 0.700000 0.000000 0.000000
0 0 0.900000 0.000000 0.545455 1.166875 0.545455 0.000000 0.545455 0.000000 0.000000
0 0 0.900000 0.000000 0.750000 1.166875 0.750000 0.000000 0.750000 0.000000 0.000000
0 0 0.900000 0.000000 0.727273 1.166875 0.727273 0.000000 0.727273 0.000000 0.000000
0 0 0.900000 0.000000 0.636364 1.000000 0.636364 0.000000 0.636364 0.000000 0.000000
0 0 0.900000 0.000000 0.818182 1.000000 0.818182 0.000000 0.818182 0.000000 0.000000
0 0 0.900000 0.000000 0.636364 1.166875 0.636364 0.000000 0.636364 0.000000 0.000000
0 0 0.900000 0.000000 0.636364 1.000000 0.636364 0.000000 0.636364 0.000000 0.000000
0 0 0.900000 0.000000 0.636364 1.166875 0.636364 0.000000 0.636364 0.000000 0.000000
0 0 0.900000 0.000000 0.800000 1.166875 0.800000 0.000000 0.800000 0.000000 0.000000
0 0 0.900000 0.000000 0.583333 1.166875 0.583333 0.000000 0.583333 0.000000 0.000000
0 0 0.900000 0.000000 0.750000 1.000000 0.750000 0.000000 0.750000 0.000000 0.000000
0 0 0.900000 0.000000 0.727273 1.000000 0.727273 0.000000 0.727273 0.000000 0.000000
0 0 0.900000 0.000000 0.545455 1.166875 0.545455 0.000000 0.545455 0.000000 0.000000
0 0 0.900000 0.000000 1.000000 1.000000 1.000000 0.000000 1.000000 0.000000 0.000000
0 0 0.900000 0.000000 0.636364 1.166875 0.636364 0.000000 0.636364 0.000000 0.000000
0 0 0.900000 0.000000 0.636364 1.166875 0.636364 0.000000 0.636364 0.000000 0.000000
0 0 0.900000 0.000000 0.727273 1.166875 0.727273 0.000000 0.727273 0.000000 0.000000
0 0 0.900000 0.000000 0.727273 1.000000 0.727273 0.000000 0.727273 0.000000 0.000000
0 0 0.900000 0.000000 0.636364 1.000000 0.636364 0.000000 0.636364 0.000000 0.000000
0 0 0.900000 0.000000 0.545455 1.166875 0.545455 0.000000 0.545455 0.000000 0.000000
0 0 0.900000 0.000000 0.818182 1.000000 0.818182 0.000000 0.818182 0.000000 0.000000
0 0 0.900000 0.000000 0.666667 1.166875 0.666667 0.000000 0.666667 0.000000 0.000000
0 0 0.900000 0.000000 0.636364 1.166875 0.636364 0.000000 0.636364 0.000000 0.000000
0 0 0.900000 0.000000 0.727273 1.166875 0.727273 0.000000 0.727273 0.000000 0.000000
0 0 0.900000 0.000000 0.727273 1.000000 0.727273 0.000000 0.727273 0.000000 0.000000
0 0 0.900000 0.000000 0.545455 1.000000 0.545455 0.000000 0.545455 0.000000 0.000000
0 0 0.900000 0.000000 0.727273 1.166875 0.727273 0.000000 0.727273 0.000000 0.000000
0 0 0.900000 0.000000 0.727273 1.000000 0.727273 0.000000 0.727273 0.000000 0.000000
0 0 0.900000 0.000000 0.636364 1.166875 0.636364 0.000000 0.636364 0.000000 0.000000
0 0 0.900000 0.000000 0.750000 1.166875 0.750000 0.000000 0.750000 0.000000 0.000000
0 0 0.900000 0.000000 0.700000 1.166875 0.700000 0.000000 0.700000 0.000000 0.000000
0 0 0.900000 0.000000 0.636364 1.000000 0.636364 0.000000 0.636364 0.000000 0.000000
0 0 0.900000 0.000000 0.750000 1.000000 0.750000 0.000000 0.750000 0.000000 0.000000
0 0 0.900000 0.000000 0.700000 1.166875 0.700000 0.000000 0.700000 0.000000 0.000000
0 0 0.900000 0.000000 0.666667 1.000000 0.666667 0.000000 0.666667 0.000000 0.000000
0 0 0.900000 0.000000 0.700000 1.166875 0.700000 0.000000 0.700000 0.000000 0.000000
0 0 0.900000 0.000000 0.727273 1.166875 0.727273 0.000000 0.727273 0.000000 0.000000
0 0 0.900000 0.000000 0.636364 1.166875 0.636364 0.000000 0.636364 0.000000 0.000000
0 0 0.900000 0.000000 0.750000 1.000000 0.750000 0.000000 0.750000 0.000000 0.000000
0 0 0.900000 0.000000 0.727273 1.000000 0.727273 0.000000 0.727273 0.000000 0.000000
0 0 0.900000 0.000000 0.545455 1.166875 0.545455 0.000000 0.545455 0.000000 0.000000
0 0 0.900000 0.000000 0.800000 1.000000 0.800000 0.000000 0.800000 0.000000 0.000000
0 0 0.900000 0.000000 0.666667 1.166875 0.666667 0.000000 0.666667 0.000000 0.000000
0 0 0.900000 0.000000 0.700000 1.166875 0.700000 0.000000 0.700000 0.000000 0.000000
0 0 0.900000 0.000000 0.750000 1.166875 0.750000 0.000000 0.750000 0.000000 0.000000
0 0 0.900000 0.000000 0.636364 1.000000 0.636364 0.000000 0.636364 0.000000 0.000000
0 0 0.900000 0.000000 0.727273 1.000000 0.727273 0.000000 0.727273 0.000000 0.000000
0 0 0.900000 0.000000 0.636364 1.166875 0.636364 0.000000 0.636364 0.000000 0.000000
0 0 0.900000 0.000000 0.666667 1.000000 0.666667 0.000000 0.666667 0.000000 0.000000
0 0 0.900000 0.000000 0.800000 1.166875 0.800000 0.000000 0.800000 0.000000 0.000000
0 0 0.900000 0.000000 0.636364 1.166875 0.636364 0.000000 0.636364 0.000000 0.000000
0 0 0.900000 0.000000 0.727273 1.166875 0.727273 0.000000 0.727273 0.000000 0.000000
0 0 0.900000 0.000000 0.636364 1.000000 0.636364 0.000000 0.636364 0.000000 0.000000
0 0 0.900000 0.000000 0.700000 1.000000 0.700000 0.000000 0.700000 0.000000 0.000000
0 0 0.900000 0.000000 0.692308 1.166875 0.692308 0.000000 0.692308 0.000000 0.000000
0 0 0.900000 0.000000 0.700000 1.000000 0.700000 0.000000 0.700000 0.000000 0.000000
0 0 0.900000 0.000000 0.727273 1.166875 0.727273 0.000000 0.727273 0.000000 0.000000
0 0 0.900000 0.000000 0.900000 1.166875 0.900000 0.000000 0.900000 0.000000 0.000000
0 0 0.900000 0.000000 1.000000 1.166875 1.000000 0.000000 1.000000 0.000000 0.000000
0 0 0.900000 0.000000 0.636364 1.000000 0.636364 0.000000 0.636364 0.000000 0.000000
0 0 0.900000 0.000000 0.700000 1.000000 0.700000 0.000000 0.700000 0.000000 0.000000
0 0 0.900000 0.000000 0.636364 1.166875 0.636364 0.000000 0.636364 0.000000 0.000000
0 0 0.900000 0.000000 0.666667 1.000000 0.666667 0.000000 0.666667 0.000000 0.000000
0 0 0.900000 0.000000 0.600000 1.166875 0.600000 0.000000 0.600000 0.000000 0.000000
0 0 0.900000 0.000000 0.692308 1.166875 0.692308 0.000000 0.692308 0.000000 0.000000
0 0 0.900000 0.000000 0.727273 1.166875 0.727273 0.000000 0.727273 0.000000 0.000000
0 0 0.900000 0.000000 0.700000 1.000000 0.700000 0.000000 0.700000 0.000000 0.000000
0 0 0.900000 0.000000 0.583333 1.000000 0.583333 0.000000 0.583333 0.000000 0.000000
0 0 0.900000 0.000000 0.600000 1.166875 0.600000 0.000000 0.600000 0.000000 0.000000
0 0 0.900000 0.000000 0.750000 1.000000 0.750000 0.000000 0.750000 0.000000 0.000000
0 0 0.900000 0.000000 0.636364 1.166875 0.636364 0.000000 0.636364 0.000000 0.000000
0 0 0.900000 0.000000 0.700000 1.166875 0.700000 0.000000 0.700000 0.000000 0.000000
0 0 0.900000 0.000000 0.666667 1.166875 0.666667 0.000000 0.666667 0.000000 0.000000
0 0 0.900000 0.000000 0.666667 1.000000 0.666667 0.000000 0.666667 0.000000 0.000000
0 0 0.900000 0.000000 0.700000 1.000000 0.700000 0.000000 0.700000 0.000000 0.000000
0 0 0.900000 0.000000 0.636364 1.166875 0.636364 0.000000 0.636364 0.000000 0.000000
0 0 0.900000 0.000000 0.636364 1.000000 0.636364 0.000000 0.636364 0.000000 0.000000
0 0 0.900000 0.000000 0.666667 1.166875 0.666667 0.000000 0.666667 0.000000 0.000000
0 0 0.900000 0.000000 0.727273 1.166875 0.727273 0.000000 0.727273 0.000000 0.000000
0 0 0.900000 0.000000 0.636364 1.166875 0.636364 0.000000 0.636364 0.000000 0.000000
0 0 0.900000 0.000000 0.727273 1.000000 0.727273 0.000000 0.727273 0.000000 0.000000
0 0 0.900000 0.000000 0.636364 1.000000 0.636364 0.000000 0.636364 0.000000 0.000000
0 0 0.900000 0.000000 0.600000 1.166875 0.600000 0.000000 0.600000 0.000000 0.000000
0 0 0.900000 0.000000 0.727273 1.000000 0.727273 0.000000 0.727273 0.000000 0.000000
0 0 0.900000 0.000000 0.750000 1.166875 0.750000 0.000000 0.750000 0.000000 0.000000
0 0 0.900000 0.000000 0.636364 1.166875 0.636364 0.000000 0.636364 0.000000 0.000000
0 0 0.900000 0.000000 0.727273 1.166875 0.727273 0.000000 0.727273 0.000000 0.000000
0 0 0.900000 0.000000 0.727273 1.000000 0.727273 0.000000 0.727273 0.000000 0.000000
0 0 0.900000 0.000000 0.636364 1.000000 0.636364 0.000000 0.636364 0.000000 0.000000
0 0 0.900000 0.000000 0.545455 1.166875 0.545455 0.000000 0.545455 0.000000 0.000000
0 0 0.900000 0.000000 0.727273 1.000000 0.727273 0.000000 0.727273 0.000000 0.000000
0 0 0.900000 0.000000 0.636364 1.166875 0.636364 0.000000 0.636364 0.000000 0.000000
0 0 0.900000 0.000000 0.636364 1.166875 0.636364 0.000000 0.636364 0.000000 0.000000
0 0 0.900000 0.000000 0.818182 1.166875 0.818182 0.000000 0.818182 0.000000 0.000000
0 0 0.900000 0.000000 0.750000 1.000000 0.750000 0.000000 0.750000 0.000000 0.000000
0 0 0.900000 0.000000 0.500000 1.000000 0.500000 0.000000 0.500000 0.000000 0.000000
0 0 0.900000 0.000000 0.727273 1.166875 0.727273 0.000000 0.727273 0.000000 0.000000
0 0 0.900000 0.000000 0.727273 1.000000 0.727273 0.000000 0.727273 0.000000 0.000000
0 0 0.900000 0.000000 0.636364 1.166875 0.636364 0.000000 0.636364 0.000000 0.000000
0 0 0.900000 0.000000 0.636364 1.166875 0.636364 0.000000 0.636364 0.000000 0.000000
0 0 0.900000 0.000000 0.727273 1.166875 0.727273 0.000000 0.727273 0.000000 0.000000
0 0 0.900000 0.000000 0.636364 1.000000 0.636364 0.000000 0.636364 0.000000 0.000000
0 0 0.900000 0.000000 0.636364 1.000000 0.636364 0.000000 0.636364 0.000000 0.000000
0 0 0.900000 0.000000 0.666667 1.166875 0.666667 0.000000 0.666667 0.000000 0.000000
0 0 0.900000 0.000000 0.727273 1.000000 0.727273 0.000000 0.727273 0.000000 0.000000
0 0 0.900000 0.000000 0.900000 1.166875 0.900000 0.000000 0.900000 0.000000 0.000000
0 0 0.900000 0.000000 0.666667 1.166875 0.666667 0.000000 0.666667 0.000000 0.000000
0 0 0.900000 0.000000 0.818182 1.166875 0.818182 0.000000 0.818182 0.000000 0.000000
0 0 0.900000 0.000000 0.600000 1.000000 0.600000 0.000000 0.600000 0.000000 0.000000
0 0 0.900000 0.000000 0.666667 1.000000 0.666667 0.000000 0.666667 0.000000 0.000000
0 0 0.900000 0.000000 0.727273 1.166875 0.727273 0.000000 0.727273 0.000000 0.000000
0 0 0.900000 0.000000 0.727273 1.000000 0.727273 0.000000 0.727273 0.000000 0.000000
0 0 0.900000 0.000000 0.727273 1.166875 0.727273 0.000000 0.727273 0.000000 0.000000
0 0 0.900000 0.000000 0.636364 1.166875 0.636364 0.000000 0.636364 0.000000 0.000000
0 0 0.900000 0.000000 0.727273 1.166875 0.727273 0.000000 0.727273 0.000000 0.000000
0 0 0.900000 0.000000 0.666667 1.000000 0.666667 0.000000 0.666667 0.000000 0.000000
0 0 0.900000 0.000000 0.727273 1.000000 0.727273 0.000000 0.727273 0.000000 0.000000
0 0 0.900000 0.000000 0.500000 1.166875 0.500000 0.000000 0.500000 0.000000 0.000000
0 0 0.900000 0.000000 0.818182 1.000000 0.818182 0.000000 0.818182 0.000000 0.000000
0 0 0.900000 0.000000 0.692308 1.166875 0.692308 0.000000 0.692308 0.000000 0.000000
0 0 0.900000 0.000000 0.600000 1.166875 0.600000 0.000000 0.600000 0.000000 0.000000
0 0 0.900000 0.000000 0.727273 1.166875 0.727273 0.000000 0.727273 0.000000 0.000000
0 0 0.900000 0.000000 0.636364 1.000000 0.636364 0.000000 0.636364 0.000000 0.000000
0 0 0.900000 0.000000 0.700000 1.000000 0.700000 0.000000 0.700000 0.000000 0.000000
0 0 0.900000 0.000000 0.636364 1.166875 0.636364 0.000000 0.636364 0.000000 0.000000
0 0 0.900000 0.000000 0.692308 1.000000 0.692308 0.000000 0.692308 0.000000 0.000000
0 0 0.900000 0.000000 0.636364 1.166875 0.636364 0.000000 0.636364 0.000000 0.000000
0 0 0.900000 0.000000 0.700000 1.166875 0.700000 0.000000 0.700000 0.000000 0.000000
0 0 0.900000 0.000000 0.700000 1.166875 0.700000 0.000000 0.700000 0.000000 0.000000
0 0 0.900000 0.000000 0.666667 1.000000 0.666667 0.000000 0.666667 0.000000 0.000000
0 0 0.900000 0.000000 0.636364 1.000000 0.636364 0.000000 0.636364 0.000000 0.000000
0 0 0.900000 0.000000 0.636364 1.166875 0.636364 0.000000 0.636364 0.000000 0.000000
0 0 0.900000 0.000000 0.727273 1.000000 0.727273 0.000000 0.727273 0.000000 0.000000
0 0 0.900000 0.000000 0.636364 1.166875 0.636364 0.000000 0.636364 0.000000 0.000000
0 0 0.900000 0.000000 0.727273 1.166875 0.727273 0.000000 0.727273 0.000000 0.000000
0 0 0.900000 0.000000 0.727273 1.166875 0.727273 0.000000 0.727273 0.000000 0.000000
0 0 0.900000 0.000000 0.727273 1.000000 0.727273 0.000000 0.727273 0.000000 0.000000
0 0 0.900000 0.000000 0.666667 1.000000 0.666667 0.000000 0.666667 0.000000 0.000000
0 0 0.900000 0.000000 0.727273 1.166875 0.727273 0.000000 0.727273 0.000000 0.000000
0 0 0.900000 0.000000 0.636364 1.000000 0.636364 0.000000 0.636364 0.000000 0.000000
0 0 0.900000 0.000000 0.600000 1.166875 0.600000 0.000000 0.600000 0.000000 0.000000
0 0 0.900000 0.000000 0.750000 1.166875 0.750000 0.000000 0.750000 0.000000 0.000000
0 0 0.900000 0.000000 0.727273 1.166875 0.727273 0.000000 0.727273 0.000000 0.000000
0 0 0.900000 0.000000 0.727273 1.000000 0.727273 0.000000 0.727273 0.000000 0.000000
0 0 0.900000 0.000000 0.636364 1.000000 0.636364 0.000000 0.636364 0.000000 0.000000
0 0 0.900000 0.000000 0.636364 1.166875 0.636364 0.000000 0.636364 0.000000 0.000000
0 0 0.900000 0.000000 0.636364 1.000000 0.636364 0.000000 0.636364 0.000000 0.000000
0 0 0.900000 0.000000 0.800000 1.166875 0.800000 0.000000 0.800000 0.000000 0.000000
0 0 0.900000 0.000000 0.666667 1.166875 0.666667 0.000000 0.666667 0.000000 0.000000
0 0 0.900000 0.000000 0.636364 1.166875 0.636364 0.000000 0.636364 0.000000 0.000000
0 0 0.900000 0.000000 0.800000 1.000000 0.800000 0.000000 0.800000 0.000000 0.000000
0 0 0.900000 0.000000 0.666667 1.000000 0.666667 0.000000 0.666667 0.000000 0.000000
0 0 0.900000 0.000000 0.727273 1.166875 0.727273 0.000000 0.727273 0.000000 0.000000
0 0 0.900000 0.000000 0.636364 1.000000 0.636364 0.000000 0.636364 0.000000 0.000000
0 0 0.900000 0.000000 0.727273 1.166875 0.727273 0.000000 0.727273 0.000000 0.000000
0 0 0.900000 0.000000 0.600000 1.166875 0.600000 0.000000 0.600000 0.000000 0.000000
0 0 0.900000 0.000000 0.750000 1.166875 0.750000 0.000000 0.750000 0.000000 0.000000
0 0 0.900000 0.000000 0.727273 1.000000 0.727273 0.000000 0.727273 0.000000 0.000000
0 0 0.900000 0.000000 0.666667 1.000000 0.666667 0.000000 0.666667 0.000000 0.000000
0 0 0.900000 0.000000 0.727273 1.166875 0.727273 0.000000 0.727273 0.000000 0.000000
0 0 0.900000 0.000000 0.727273 1.000000 0.727273 0.000000 0.727273 0.000000 0.000000
0 0 0.900000 0.000000 0.818182 1.166875 0.818182 0.000000 0.818182 0.000000 0.000000
0 0 0.900000 0.000000 0.636364 1.166875 0.636364 0.000000 0.636364 0.000000 0.000000
0 0 0.900000 0.000000 0.727273 1.166875 0.727273 0.000000 0.727273 0.000000 0.000000
0 0 0.900000 0.000000 0.727273 1.000000 0.727273 0.000000 0.727273 0.000000 0.000000
0 0 0.900000 0.000000 0.636364 1.000000 0.636364 0.000000 0.636364 0.000000 0.000000
0 0 0.900000 0.000000 0.600000 1.166875 0.600000 0.000000 0.600000 0.000000 0.000000
0 0 0.900000 0.000000 0.727273 1.000000 0.727273 0.000000 0.727273 0.000000 0.000000
0 0 0.900000 0.000000 0.692308 1.166875 0.692308 0.000000 0.692308 0.000000 0.000000
0 0 0.900000 0.000000 0.700000 1.166875 0.700000 0.000000 0.700000 0.000000 0.000000
0 0 0.900000 0.000000 0.750000 1.166875 0.750000 0.000000 0.750000 0.000000 0.000000
0 0 0.900000 0.000000 0.700000 1.000000 0.700000 0.000000 0.700000 0.000000 0.000000
0 0 0.900000 0.000000 0.636364 1.000000 0.636364 0.000000 0.636364 0.000000 0.000000
0 0 0.900000 0.000000 0.750000 1.166875 0.750000 0.000000 0.750000 0.000000 0.000000
0 0 0.900000 0.000000 0.727273 1.000000 0.727273 0.000000 0.727273 0.000000 0.000000
0 0 0.900000 0.000000 0.700000 1.166875 0.700000 0.000000 0.700000 0.000000 0.000000
0 0 0.900000 0.000000 0.750000 1.166875 0.750000 0.000000 0.750000 0.000000 0.000000
0 0 0.900000 0.000000 0.727273 1.166875 0.727273 0.000000 0.727273 0.000000 0.000000
0 0 0.900000 0.000000 0.727273 1.000000 0.727273 0.000000 0.727273 0.000000 0.000000
0 0 0.900000 0.000000 0.727273 1.000000 0.727273 0.000000 0.727273 0.000000 0.000000
0 0 0.900000 0.000000 0.700000 1.166875 0.700000 0.000000 0.700000 0.000000 0.000000
0 0 0.900000 0.000000 0.666667 1.000000 0.666667 0.000000 0.666667 0.000000 0.000000
0 0 0.900000 0.000000 0.636364 1.166875 0.636364 0.000000 0.636364 0.000000 0.000000
0 0 0.900000 0.000000 0.727273 1.166875 0.727273 0.000000 0.727273 0.000000 0.000000
0 0 0.900000 0.000000 0.600000 1.166875 0.600000 0.000000 0.600000 0.000000 0.000000
0 0 0.900000 0.000000 0.666667 1.000000 0.666667 0.000000 0.666667 0.000000 0.000000
0 0 0.900000 0.000000 0.727273 1.000000 0.727273 0.000000 0.727273 0.000000 0.000000
0 0 0.900000 0.000000 0.636364 1.166875 0.636364 0.000000 0.636364 0.000000 0.000000
0 0 0.900000 0.000000 0.666667 1.000000 0.666667 0.000000 0.666667 0.000000 0.000000
0 0 0.900000 0.000000 0.700000 1.166875 0.700000 0.000000 0.700000 0.000000 0.000000
0 0 0.900000 0.000000 0.727273 1.166875 0.727273 0.000000 0.727273 0.000000 0.000000
0 0 0.900000 0.000000 0.636364 1.166875 0.636364 0.000000 0.636364 0.000000 0.000000
0 0 0.900000 0.000000 0.636364 1.000000 0.636364 0.000000 0.636364 0.000000 0.000000
0 0 0.900000 0.000000 1.000000 1.000000 1.000000 0.000000 1.000000 0.000000 0.000000
0 0 0.900000 0.000000 1.000000 1.166875 1.000000 0.000000 1.000000 0.000000 0.000000
0 0 0.900000 0.000000 1.000000 1.000000 1.000000 0.000000 1.000000 0.000000 0.000000
0 0 0.900000 0.000000 0.800000 1.166875 0.800000 0.000000 0.800000 0.000000 0.000000
0 0 0.900000 0.000000 0.692308 1.166875 0.692308 0.000000 0.692308 0.000000 0.000000
0 0 0.900000 0.000000 0.818182 1.166875 0.818182 0.000000 0.818182 0.000000 0.000000
0 0 0.900000 0.000000 0.800000 1.000000 0.800000 0.000000 0.800000 0.000000 0.000000
0 0 0.900000 0.000000 0.583333 1.000000 0.583333 0.000000 0.583333 0.000000 0.000000
0 0 0.900000 0.000000 0.727273 1.166875 0.727273 0.000000 0.727273 0.000000 0.000000
0 0 0.900000 0.000000 0.700000 1.000000 0.700000 0.000000 0.700000 0.000000 0.000000
0 0 0.900000 0.000000 0.666667 1.166875 0.666667 0.000000 0.666667 0.000000 0.000000
0 0 0.900000 0.000000 0.750000 1.166875 0.750000 0.000000 0.750000 0.000000 0.000000
0 0 0.900000 0.000000 0.777778 1.166875 0.777778 0.000000 0.777778 0.000000 0.000000
0 0 0.900000 0.000000 0.666667 1.000000 0.666667 0.000000 0.666667 0.000000 0.000000
0 0 0.900000 0.000000 0.727273 1.000000 0.727273 0.000000 0.727273 0.000000 0.000000
0 0 0.900000 0.000000 0.727273 1.166875 0.727273 0.000000 0.727273 0.000000 0.000000
0 0 0.900000 0.000000 0.636364 1.000000 0.636364 0.000000 0.636364 0.000000 0.000000
0 0 0.900000 0.000000 0.750000 1.166875 0.750000 0.000000 0.750000 0.000000 0.000000
0 0 0.900000 0.000000 0.727273 1.166875 0.727273 0.000000 0.727273 0.000000 0.000000
0 0 0.900000 0.000000 0.727273 1.166875 0.727273 0.000000 0.727273 0.000000 0.000000
0 0 0.900000 0.000000 0.700000 1.000000 0.700000 0.000000 0.700000 0.000000 0.000000
0 0 0.900000 0.000000 0.727273 1.000000 0.727273 0.000000 0.727273 0.000000 0.000000
0 0 0.900000 0.000000 0.750000 1.166875 0.750000 0.000000 0.750000 0.000000 0.000000
0 0 0.900000 0.000000 0.700000 1.000000 0.700000 0.000000 0.700000 0.000000 0.000000
0 0 0.900000 0.000000 0.727273 1.166875 0.727273 0.000000 0.727273 0.000000 0.000000
0 0 0.900000 0.000000 0.727273 1.166875 0.727273 0.000000 0.727273 0.000000 0.000000
0 0 0.900000 0.000000 0.727273 1.166875 0.727273 0.000000 0.727273 0.000000 0.000000
0 0 0.900000 0.000000 0.750000 1.000000 0.750000 0.000000 0.750000 0.000000 0.000000
0 0 0.900000 0.000000 0.750000 1.000000 0.750000 0.000000 0.750000 0.000000 0.000000
0 0 0.900000 0.000000 0.727273 1.166875 0.727273 0.000000 0.727273 0.000000 0.000000
0 0 0.900000 0.000000 0.700000 1.000000 0.700000 0.000000 0.700000 0.000000 0.000000
0 0 0.900000 0.000000 0.818182 1.166875 0.818182 0.000000 0.818182 0.000000 0.000000
0 0 0.900000 0.000000 0.666667 1.166875 0.666667 0.000000 0.666667 0.000000 0.000000
0 0 0.900000 0.000000 0.818182 1.166875 0.818182 0.000000 0.818182 0.000000 0.000000
0 0 0.900000 0.000000 0.800000 1.000000 0.800000 0.000000 0.800000 0.000000 0.000000
0 0 0.900000 0.000000 0.666667 1.000000 0.666667 0.000000 0.666667 0.000000 0.000000
0 0 0.900000 0.000000 0.800000 1.166875 0.800000 0.000000 0.800000 0.000000 0.000000
0 0 0.900000 0.000000 0.750000 1.000000 0.750000 0.000000 0.750000 0.000000 0.000000
0 0 0.900000 0.000000 0.727273 1.166875 0.727273 0.000000 0.727273 0.000000 0.000000
0 0 0.900000 0.000000 0.750000 1.166875 0.750000 0.000000 0.750000 0.000000 0.000000
0 0 0.900000 0.000000 0.727273 1.166875 0.727273 0.000000 0.727273 0.000000 0.000000
0 0 0.900000 0.000000 0.777778 1.000000 0.777778 0.000000 0.777778 0.000000 0.000000
0 0 0.900000 0.000000 0.692308 1.000000 0.692308 0.000000 0.692308 0.000000 0.000000
0 0 0.900000 0.000000 0.636364 1.166875 0.636364 0.000000 0.636364 0.000000 0.000000
0 0 0.900000 0.000000 0.818182 1.000000 0.818182 0.000000 0.818182 0.000000 0.000000
0 0 0.900000 0.000000 0.600000 1.166875 0.600000 0.000000 0.600000 0.000000 0.000000
0 0 0.900000 0.000000 0.818182 1.166875 0.818182 0.000000 0.818182 0.000000 0.000000
0 0 0.900000 0.000000 0.666667 1.166875 0.666667 0.000000 0.666667 0.000000 0.000000
0 0 0.900000 0.000000 0.666667 1.000000 0.666667 0.000000 0.666667 0.000000 0.000000
0 0 0.900000 0.000000 0.888889 1.000000 0.888889 0.000000 0.888889 0.000000 0.000000
0 0 0.900000 0.000000 0.727273 1.166875 0.727273 0.000000 0.727273 0.000000 0.000000
0 0 0.900000 0.000000 0.666667 1.000000 0.666667 0.000000 0.666667 0.000000 0.000000
0 0 0.900000 0.000000 0.727273 1.166875 0.727273 0.000000 0.727273 0.000000 0.000000
0 0 0.900000 0.000000 0.727273 1.166875 0.727273 0.000000 0.727273 0.000000 0.000000
0 0 0.900000 0.000000 0.636364 1.166875 0.636364 0.000000 0.636364 0.000000 0.000000
0 0 0.900000 0.000000 0.800000 1.000000 0.800000 0.000000 0.800000 0.000000 0.000000
0 0 0.900000 0.000000 0.666667 1.000000 0.666667 0.000000 0.666667 0.000000 0.000000
0 0 0.900000 0.000000 0.636364 1.166875 0.636364 0.000000 0.636364 0.000000 0.000000
0 0 0.900000 0.000000 0.727273 1.000000 0.727273 0.000000 0.727273 0.000000 0.000000
0 0 0.900000 0.000000 0.727273 1.166875 0.727273 0.000000 0.727273 0.000000 0.000000
0 0 0.900000 0.000000 0.666667 1.166875 0.666667 0.000000 0.666667 0.000000 0.000000
0 0 0.900000 0.000000 0.700000 1.166875 0.700000 0.000000 0.700000 0.000000 0.000000
0 0 0.900000 0.000000 0.727273 1.000000 0.727273 0.000000 0.727273 0.000000 0.000000
0 0 0.900000 0.000000 0.583333 1.000000 0.583333 0.000000 0.583333 0.000000 0.000000
0 0 0.900000 0.000000 0.727273 1.166875 0.727273 0.000000 0.727273 0.000000 0.000000
0 0 0.900000 0.000000 0.636364 1.000000 0.636364 0.000000 0.636364 0.000000 0.000000
0 0 0.900000 0.000000 0.636364 1.166875 0.636364 0.000000 0.636364 0.000000 0.000000
0 0 0.900000 0.000000 0.727273 1.166875 0.727273 0.000000 0.727273 0.000000 0.000000
0 0 0.900000 0.000000 0.900000 1.166875 0.900000 0.000000 0.900000 0.000000 0.000000
0 0 0.900000 0.000000 0.750000 1.000000 0.750000 0.000000 0.750000 0.000000 0.000000
0 0 0.900000 0.000000 0.700000 1.000000 0.700000 0.000000 0.700000 0.000000 0.000000
0 0 0.900000 0.000000 0.666667 1.166875 0.666667 0.000000 0.666667 0.000000 0.000000
0 0 0.900000 0.000000 0.800000 1.000000 0.800000 0.000000 0.800000 0.000000 0.000000
0 0 0.900000 0.000000 0.583333 1.166875 0.583333 0.000000 0.583333 0.000000 0.000000
0 0 0.900000 0.000000 0.750000 1.166875 0.750000 0.000000 0.750000 0.000000 0.000000
0 0 0.900000 0.000000 0.800000 1.166875 0.800000 0.000000 0.800000 0.000000 0.000000
0 0 0.900000 0.000000 0.727273 1.000000 0.727273 0.000000 0.727273 0.000000 0.000000
0 0 0.900000 0.000000 0.750000 1.000000 0.750000 0.000000 0.750000 0.000000 0.000000
0 0 0.900000 0.000000 0.700000 1.166875 0.700000 0.000000 0.700000 0.000000 0.000000
0 0 0.900000 0.000000 0.636364 1.000000 0.636364 0.000000 0.636364 0.000000 0.000000
0 0 0.900000 0.000000 0.750000 1.166875 0.750000 0.000000 0.750000 0.000000 0.000000
0 0 0.900000 0.000000 0.818182 1.166875 0.818182 0.000000 0.818182 0.000000 0.000000
0 0 0.900000 0.000000 0.727273 1.166875 0.727273 0.000000 0.727273 0.000000 0.000000
0 0 0.900000 0.000000 0.700000 1.000000 0.700000 0.000000 0.700000 0.000000 0.000000
0 0 0.900000 0.000000 0.727273 1.000000 0.727273 0.000000 0.727273 0.000000 0.000000
0 0 0.900000 0.000000 0.727273 1.166875 0.727273 0.000000 0.727273 0.000000 0.000000
0 0 0.900000 0.000000 0.727273 1.000000 0.727273 0.000000 0.727273 0.000000 0.000000
0 0 0.900000 0.000000 0.750000 1.166875 0.750000 0.000000 0.750000 0.000000 0.000000
0 0 0.900000 0.000000 0.818182 1.166875 0.818182 0.000000 0.818182 0.000000 0.000000
0 0 0.900000 0.000000 0.700000 1.166875 0.700000 0.000000 0.700000 0.000000 0.000000
0 0 0.900000 0.000000 0.916667 1.000000 0.916667 0.000000 0.916667 0.000000 0.000000
0 0 0.900000 0.000000 0.600000 1.000000 0.600000 0.000000 0.600000 0.000000 0.000000
0 0 0.900000 0.000000 0.583333 1.166875 0.583333 0.000000 0.583333 0.000000 0.000000
0 0 0.900000 0.000000 0.727273 1.000000 0.727273 0.000000 0.727273 0.000000 0.000000
0 0 0.900000 0.000000 0.700000 1.166875 0.700000 0.000000 0.700000 0.000000 0.000000
0 0 0.900000 0.000000 0.727273 1.166875 0.727273 0.000000 0.727273 0.000000 0.000000
0 0 0.900000 0.000000 0.833333 1.166875 0.833333 0.000000 0.833333 0.000000 0.000000
0 0 0.900000 0.000000 0.818182 1.000000 0.818182 0.000000 0.818182 0.000000 0.000000
0 0 0.900000 0.000000 0.636364 1.000000 0.636364 0.000000 0.636364 0.000000 0.000000
0 0 0.900000 0.000000 0.727273 1.166875 0.727273 0.000000 0.727273 0.000000 0.000000
0 0 0.900000 0.000000 0.750000 1.000000 0.750000 0.000000 0.750000 0.000000 0.000000
0 0 0.900000 0.000000 0.636364 1.166875 0.636364 0.000000 0.636364 0.000000 0.000000
0 0 0.900000 0.000000 0.818182 1.166875 0.818182 0.000000 0.818182 0.000000 0.000000
0 0 0.900000 0.000000 0.727273 1.166875 0.727273 0.000000 0.727273 0.000000 0.000000
0 0 0.900000 0.000000 0.700000 1.000000 0.700000 0.000000 0.700000 0.000000 0.000000
0 0 0.900000 0.000000 0.636364 1.000000 0.636364 0.000000 0.636364 0.000000 0.000000
0 0 0.900000 0.000000 0.666667 1.166875 0.666667 0.000000 0.666667 0.000000 0.000000
0 0 0.900000 0.000000 0.727273 1.000000 0.727273 0.000000 0.727273 0.000000 0.000000
0 0 0.900000 0.000000 0.700000 1.166875 0.700000 0.000000 0.700000 0.000000 0.000000
0 0 0.900000 0.000000 0.666667 1.166875 0.666667 0.000000 0.666667 0.000000 0.000000
0 0 0.900000 0.000000 0.800000 1.166875 0.800000 0.000000 0.800000 0.000000 0.000000
0 0 0.900000 0.000000 0.666667 1.000000 0.666667 0.000000 0.666667 0.000000 0.000000
0 0 0.900000 0.000000 0.636364 1.000000 0.636364 0.000000 0.636364 0.000000 0.000000
0 0 0.900000 0.000000 0.727273 1.166875 0.727273 0.000000 0.727273 0.000000 0.000000
0 0 0.900000 0.000000 0.636364 1.000000 0.636364 0.000000 0.636364 0.000000 0.000000
0 0 0.900000 0.000000 0.700000 1.166875 0.700000 0.000000 0.700000 0.000000 0.000000
0 0 0.900000 0.000000 0.750000 1.166875 0.750000 0.000000 0.750000 0.000000 0.000000
0 0 0.900000 0.000000 0.833333 1.166875 0.833333 0.000000 0.833333 0.000000 0.000000
0 0 0.900000 0.000000 0.727273 1.000000 0.727273 0.000000 0.727273 0.000000 0.000000
0 0 0.900000 0.000000 0.700000 1.000000 0.700000 0.000000 0.700000 0.000000 0.000000
0 0 0.900000 0.000000 0.750000 1.166875 0.750000 0.000000 0.750000 0.000000 0.000000
0 0 0.900000 0.000000 0.636364 1.000000 0.636364 0.000000 0.636364 0.000000 0.000000
0 0 0.900000 0.000000 0.800000 1.166875 0.800000 0.000000 0.800000 0.000000 0.000000
0 0 0.900000 0.000000 0.636364 1.166875 0.636364 0.000000 0.636364 0.000000 0.000000
0 0 0.900000 0.000000 0.583333 1.166875 0.583333 0.000000 0.583333 0.000000 0.000000
0 0 0.900000 0.000000 0.750000 1.000000 0.750000 0.000000 0.750000 0.000000 0.000000
0 0 0.900000 0.000000 0.800000 1.000000 0.800000 0.000000 0.800000 0.000000 0.000000
0 0 0.900000 0.000000 0.545455 1.166875 0.545455 0.000000 0.545455 0.000000 0.000000
0 0 0.900000 0.000000 0.636364 1.000000 0.636364 0.000000 0.636364 0.000000 0.000000
0 0 0.900000 0.000000 0.727273 1.166875 0.727273 0.000000 0.727273 0.000000 0.000000
0 0 0.900000 0.000000 0.666667 1.166875 0.666667 0.000000 0.666667 0.000000 0.000000
0 0 0.900000 0.000000 0.800000 1.166875 0.800000 0.000000 0.800000 0.000000 0.000000
0 0 0.900000 0.000000 0.750000 1.000000 0.750000 0.000000 0.750000 0.000000 0.000000
0 0 0.900000 0.000000 0.636364 1.000000 0.636364 0.000000 0.636364 0.000000 0.000000
0 0 0.900000 0.000000 0.727273 1.166875 0.727273 0.000000 0.727273 0.000000 0.000000
0 0 0.900000 0.000000 0.727273 1.000000 0.727273 0.000000 0.727273 0.000000 0.000000
0 0 0.900000 0.000000 0.583333 1.166875 0.583333 0.000000 0.583333 0.000000 0.000000
0 0 0.900000 0.000000 0.700000 1.166875 0.700000 0.000000 0.700000 0.000000 0.000000
0 0 0.900000 0.000000 0.727273 1.166875 0.727273 0.000000 0.727273 0.000000 0.000000
0 0 0.900000 0.000000 0.666667 1.000000 0.666667 0.000000 0.666667 0.000000 0.000000
0 0 0.900000 0.000000 0.636364 1.000000 0.636364 0.000000 0.636364 0.000000 0.000000
0 0 0.900000 0.000000 0.800000 1.166875 0.800000 0.000000 0.800000 0.000000 0.000000
0 0 0.900000 0.000000 0.727273 1.000000 0.727273 0.000000 0.727273 0.000000 0.000000
0 0 0.900000 0.000000 0.909091 1.166875 0.909091 0.000000 0.909091 0.000000 0.000000
0 0 0.900000 0.000000 0.666667 1.166875 0.666667 0.000000 0.666667 0.000000 0.000000
0 0 0.900000 0.000000 0.666667 1.166875 0.666667 0.000000 0.666667 0.000000 0.000000
0 0 0.900000 0.000000 0.700000 1.000000 0.700000 0.000000 0.700000 0.000000 0.000000
0 0 0.900000 0.000000 0.727273 1.000000 0.727273 0.000000 0.727273 0.000000 0.000000
0 0 0.900000 0.000000 0.666667 1.166875 0.666667 0.000000 0.666667 0.000000 0.000000
0 0 0.900000 0.000000 0.600000 1.000000 0.600000 0.000000 0.600000 0.000000 0.000000
0 0 0.900000 0.000000 0.818182 1.166875 0.818182 0.000000 0.818182 0.000000 0.000000
0 0 0.900000 0.000000 0.636364 1.166875 0.636364 0.000000 0.636364 0.000000 0.000000
0 0 0.900000 0.000000 0.727273 1.166875 0.727273 0.000000 0.727273 0.000000 0.000000
0 0 0.900000 0.000000 0.727273 1.000000 0.727273 0.000000 0.727273 0.000000 0.000000
0 0 0.900000 0.000000 0.636364 1.000000 0.636364 0.000000 0.636364 0.000000 0.000000
0 0 0.900000 0.000000 0.636364 1.166875 0.636364 0.000000 0.636364 0.000000 0.000000
0 0 0.900000 0.000000 0.750000 1.000000 0.750000 0.000000 0.750000 0.000000 0.000000
0 0 0.900000 0.000000 0.700000 1.166875 0.700000 0.000000 0.700000 0.000000 0.000000
0 0 0.900000 0.000000 0.750000 1.166875 0.750000 0.000000 0.750000 0.000000 0.000000
0 0 0.900000 0.000000 0.700000 1.166875 0.700000 0.000000 0.700000 0.000000 0.000000
0 0 0.900000 0.000000 0.833333 1.000000 0.833333 0.000000 0.833333 0.000000 0.000000
0 0 0.900000 0.000000 0.600000 1.000000 0.600000 0.000000 0.600000 0.000000 0.000000
0 0 0.900000 0.000000 0.666667 1.166875 0.666667 0.000000 0.666667 0.000000 0.000000
0 0 0.900000 0.000000 0.727273 1.000000 0.727273 0.000000 0.727273 0.000000 0.000000
0 0 0.900000 0.000000 0.636364 1.166875 0.636364 0.000000 0.636364 0.000000 0.000000
0 0 0.900000 0.000000 0.700000 1.166875 0.700000 0.000000 0.700000 0.000000 0.000000
0 0 0.900000 0.000000 0.750000 1.166875 0.750000 0.000000 0.750000 0.000000 0.000000
0 0 0.900000 0.000000 0.636364 1.000000 0.636364 0.000000 0.636364 0.000000 0.000000
0 0 0.900000 0.000000 0.636364 1.000000 0.636364 0.000000 0.636364 0.000000 0.000000
0 0 0.900000 0.000000 0.727273 1.166875 0.727273 0.000000 0.727273 0.000000 0.000000
0 0 0.900000 0.000000 0.666667 1.000000 0.666667 0.000000 0.666667 0.000000 0.000000
0 0 0.900000 0.000000 0.636364 1.166875 0.636364 0.000000 0.636364 0.000000 0.000000
0 0 0.900000 0.000000 0.700000 1.166875 0.700000 0.000000 0.700000 0.000000 0.000000
0 0 0.900000 0.000000 0.750000 1.166875 0.750000 0.000000 0.750000 0.000000 0.000000
0 0 0.900000 0.000000 0.700000 1.000000 0.700000 0.000000 0.700000 0.000000 0.000000
0 0 0.900000 0.000000 0.750000 1.000000 0.750000 0.000000 0.750000 0.000000 0.000000
0 0 0.900000 0.000000 0.600000 1.166875 0.600000 0.000000 0.600000 0.000000 0.000000
0 0 0.900000 0.000000 0.750000 1.000000 0.750000 0.000000 0.750000 0.000000 0.000000
0 0 0.900000 0.000000 0.636364 1.166875 0.636364 0.000000 0.636364 0.000000 0.000000
0 0 0.900000 0.000000 0.727273 1.166875 0.727273 0.000000 0.727273 0.000000 0.000000
0 0 0.900000 0.000000 0.636364 1.166875 0.636364 0.000000 0.636364 0.000000 0.000000
0 0 0.900000 0.000000 0.666667 1.000000 0.666667 0.000000 0.666667 0.000000 0.000000
0 0 0.900000 0.000000 0.636364 1.000000 0.636364 0.000000 0.636364 0.000000 0.000000
0 0 0.900000 0.000000 0.800000 1.166875 0.800000 0.000000 0.800000 0.000000 0.000000
0 0 0.900000 0.000000 0.666667 1.000000 0.666667 0.000000 0.666667 0.000000 0.000000
0 0 0.900000 0.000000 0.727273 1.166875 0.727273 0.000000 0.727273 0.000000 0.000000
0 0 0.900000 0.000000 0.818182 1.166875 0.818182 0.000000 0.818182 0.000000 0.000000
0 0 0.900000 0.000000 0.700000 1.166875 0.700000 0.000000 0.700000 0.000000 0.000000
0 0 0.900000 0.000000 0.666667 1.000000 0.666667 0.000000 0.666667 0.000000 0.000000
0 0 0.900000 0.000000 0.727273 1.000000 0.727273 0.000000 0.727273 0.000000 0.000000
0 0 0.900000 0.000000 1.000000 1.166875 1.000000 0.000000 1.000000 0.000000 0.000000
0 0 0.900000 0.000000 1.000000 1.000000 1.000000 0.000000 1.000000 0.000000 0.000000
0 0 0.900000 0.000000 0.916667 1.166875 0.916667 0.000000 0.916667 0.000000 0.000000
0 0 0.900000 0.000000 0.636364 1.166875 0.636364 0.000000 0.636364 0.000000 0.000000
0 0 0.900000 0.000000 0.727273 1.166875 0.727273 0.000000 0.727273 0.000000 0.000000
0 0 0.900000 0.000000 0.750000 1.000000 0.750000 0.000000 0.750000 0.000000 0.000000
0 0 0.900000 0.000000 0.600000 1.000000 0.600000 0.000000 0.600000 0.000000 0.000000
0 0 0.900000 0.000000 0.727273 1.166875 0.727273 0.000000 0.727273 0.000000 0.000000
0 0 0.900000 0.000000 0.727273 1.000000 0.727273 0.000000 0.727273 0.000000 0.000000
0 0 0.900000 0.000000 0.666667 1.166875 0.666667 0.000000 0.666667 0.000000 0.000000
0 0 0.900000 0.000000 0.727273 1.166875 0.727273 0.000000 0.727273 0.000000 0.000000
0 0 0.900000 0.000000 0.727273 1.166875 0.727273 0.000000 0.727273 0.000000 0.000000
0 0 0.900000 0.000000 0.700000 1.000000 0.700000 0.000000 0.700000 0.000000 0.000000
0 0 0.900000 0.000000 0.636364 1.000000 0.636364 0.000000 0.636364 0.000000 0.000000
0 0 0.900000 0.000000 0.750000 1.166875 0.750000 0.000000 0.750000 0.000000 0.000000
0 0 0.900000 0.000000 0.636364 1.000000 0.636364 0.000000 0.636364 0.000000 0.000000
0 0 0.900000 0.000000 0.727273 1.166875 0.727273 0.000000 0.727273 0.000000 0.000000
0 0 0.900000 0.000000 0.727273 1.166875 0.727273 0.000000 0.727273 0.000000 0.000000
0 0 0.900000 0.000000 0.666667 1.166875 0.666667 0.000000 0.666667 0.000000 0.000000
0 0 0.900000 0.000000 0.700000 1.000000 0.700000 0.000000 0.700000 0.000000 0.000000
0 0 0.900000 0.000000 0.750000 1.000000 0.750000 0.000000 0.750000 0.000000 0.000000
0 0 0.900000 0.000000 0.727273 1.166875 0.727273 0.000000 0.727273 0.000000 0.000000
0 0 0.900000 0.000000 0.700000 1.000000 0.700000 0.000000 0.700000 0.000000 0.000000
0 0 0.900000 0.000000 0.750000 1.166875 0.750000 0.000000 0.750000 0.000000 0.000000
0 0 0.900000 0.000000 0.727273 1.166875 0.727273 0.000000 0.727273 0.000000 0.000000
0 0 0.900000 0.000000 0.727273 1.166875 0.727273 0.000000 0.727273 0.000000 0.000000
0 0 0.900000 0.000000 0.727273 1.000000 0.727273 0.000000 0.727273 0.000000 0.000000
0 0 0.900000 0.000000 0.700000 1.000000 0.700000 0.000000 0.700000 0.000000 0.000000
0 0 0.900000 0.000000 0.750000 1.166875 0.750000 0.000000 0.750000 0.000000 0.000000
0 0 0.900000 0.000000 0.700000 1.000000 0.700000 0.000000 0.700000 0.000000 0.000000
0 0 0.900000 0.000000 0.750000 1.166875 0.750000 0.000000 0.750000 0.000000 0.000000
0 0 0.900000 0.000000 0.666667 1.166875 0.666667 0.000000 0.666667 0.000000 0.000000
0 0 0.900000 0.000000 0.800000 1.166875 0.800000 0.000000 0.800000 0.000000 0.000000
0 0 0.900000 0.000000 0.727273 1.000000 0.727273 0.000000 0.727273 0.000000 0.000000
0 0 0.900000 0.000000 0.727273 1.000000 0.727273 0.000000 0.727273 0.000000 0.000000
0 0 0.900000 0.000000 0.636364 1.166875 0.636364 0.000000 0.636364 0.000000 0.000000
0 0 0.900000 0.000000 0.750000 1.000000 0.750000 0.000000 0.750000 0.000000 0.000000
0 0 0.900000 0.000000 0.700000 1.166875 0.700000 0.000000 0.700000 0.000000 0.000000
0 0 0.900000 0.000000 0.636364 1.166875 0.636364 0.000000 0.636364 0.000000 0.000000
0 0 0.900000 0.000000 0.833333 1.166875 0.833333 0.000000 0.833333 0.000000 0.000000
0 0 0.900000 0.000000 0.636364 1.000000 0.636364 0.000000 0.636364 0.000000 0.000000
0 0 0.900000 0.000000 0.666667 1.000000 0.666667 0.000000 0.666667 0.000000 0.000000
0 0 0.900000 0.000000 0.777778 1.166875 0.777778 0.000000 0.777778 0.000000 0.000000
0 0 0.900000 0.000000 0.692308 1.000000 0.692308 0.000000 0.692308 0.000000 0.000000
0 0 0.900000 0.000000 0.636364 1.166875 0.636364 0.000000 0.636364 0.000000 0.000000
0 0 0.900000 0.000000 0.777778 1.166875 0.777778 0.000000 0.777778 0.000000 0.000000
0 0 0.900000 0.000000 0.692308 1.166875 0.692308 0.000000 0.692308 0.000000 0.000000
0 0 0.900000 0.000000 1.000000 1.000000 1.000000 0.000000 1.000000 0.000000 0.000000
0 0 0.900000 0.000000 0.666667 1.000000 0.666667 0.000000 0.666667 0.000000 0.000000
0 0 0.900000 0.000000 0.727273 1.166875 0.727273 0.000000 0.727273 0.000000 0.000000
0 0 0.900000 0.000000 0.636364 1.000000 0.636364 0.000000 0.636364 0.000000 0.000000
0 0 0.900000 0.000000 0.700000 1.166875 0.700000 0.000000 0.700000 0.000000 0.000000
0 0 0.900000 0.000000 0.666667 1.166875 0.666667 0.000000 0.666667 0.000000 0.000000
0 0 0.900000 0.000000 0.700000 1.166875 0.700000 0.000000 0.700000 0.000000 0.000000
0 0 0.900000 0.000000 0.769231 1.000000 0.769231 0.000000 0.769231 0.000000 0.000000
0 0 0.900000 0.000000 0.700000 1.000000 0.700000 0.000000 0.700000 0.000000 0.000000
0 0 0.900000 0.000000 0.727273 1.166875 0.727273 0.000000 0.727273 0.000000 0.000000
0 0 0.900000 0.000000 0.666667 1.000000 0.666667 0.000000 0.666667 0.000000 0.000000
0 0 0.900000 0.000000 0.727273 1.166875 0.727273 0.000000 0.727273 0.000000 0.000000
0 0 0.900000 0.000000 0.666667 1.166875 0.666667 0.000000 0.666667 0.000000 0.000000
0 0 0.900000 0.000000 0.666667 1.166875 0.666667 0.000000 0.666667 0.000000 0.000000
0 0 0.900000 0.000000 0.727273 1.000000 0.727273 0.000000 0.727273 0.000000 0.000000
0 0 0.900000 0.000000 0.636364 1.000000 0.636364 0.000000 0.636364 0.000000 0.000000
0 0 0.900000 0.000000 0.636364 1.166875 0.636364 0.000000 0.636364 0.000000 0.000000
0 0 0.900000 0.000000 0.818182 1.000000 0.818182 0.000000 0.818182 0.000000 0.000000
0 0 0.900000 0.000000 0.666667 1.166875 0.666667 0.000000 0.666667 0.000000 0.000000
0 0 0.900000 0.000000 0.700000 1.166875 0.700000 0.000000 0.700000 0.000000 0.000000
0 0 0.900000 0.000000 0.750000 1.166875 0.750000 0.000000 0.750000 0.000000 0.000000
0 0 0.900000 0.000000 0.727273 1.000000 0.727273 0.000000 0.727273 0.000000 0.000000
0 0 0.900000 0.000000 0.600000 1.000000 0.600000 0.000000 0.600000 0.000000 0.000000
0 0 0.900000 0.000000 0.692308 1.166875 0.692308 0.000000 0.692308 0.000000 0.000000
0 0 0.900000 0.000000 0.818182 1.000000 0.818182 0.000000 0.818182 0.000000 0.000000
0 0 0.900000 0.000000 0.636364 1.166875 0.636364 0.000000 0.636364 0.000000 0.000000
0 0 0.900000 0.000000 0.800000 1.166875 0.800000 0.000000 0.800000 0.000000 0.000000
0 0 0.900000 0.000000 0.666667 1.166875 0.666667 0.000000 0.666667 0.000000 0.000000
0 0 0.900000 0.000000 0.818182 1.000000 0.818182 0.000000 0.818182 0.000000 0.000000
0 0 0.900000 0.000000 0.666667 1.000000 0.666667 0.000000 0.666667 0.000000 0.000000
0 0 0.900000 0.000000 0.800000 1.166875 0.800000 0.000000 0.800000 0.000000 0.000000
0 0 0.900000 0.000000 0.636364 1.000000 0.636364 0.000000 0.636364 0.000000 0.000000
0 0 0.900000 0.000000 0.636364 1.166875 0.636364 0.000000 0.636364 0.000000 0.000000
0 0 0.900000 0.000000 0.818182 1.166875 0.818182 0.000000 0.818182 0.000000 0.000000
0 0 0.900000 0.000000 0.636364 1.166875 0.636364 0.000000 0.636364 0.000000 0.000000
0 0 0.900000 0.000000 0.818182 1.000000 0.818182 0.000000 0.818182 0.000000 0.000000
0 0 0.900000 0.000000 0.636364 1.000000 0.636364 0.000000 0.636364 0.000000 0.000000
0 0 0.900000 0.000000 0.727273 1.166875 0.727273 0.000000 0.727273 0.000000 0.000000
0 0 0.900000 0.000000 0.750000 1.000000 0.750000 0.000000 0.750000 0.000000 0.000000
0 0 0.900000 0.000000 0.700000 1.166875 0.700000 0.000000 0.700000 0.000000 0.000000
0 0 0.900000 0.000000 0.727273 1.166875 0.727273 0.000000 0.727273 0.000000 0.000000
0 0 0.900000 0.000000 0.727273 1.166875 0.727273 0.000000 0.727273 0.000000 0.000000
0 0 0.900000 0.000000 0.818182 1.000000 0.818182 0.000000 0.818182 0.000000 0.000000
0 0 0.900000 0.000000 0.666667 1.000000 0.666667 0.000000 0.666667 0.000000 0.000000
0 0 0.900000 0.000000 0.727273 1.166875 0.727273 0.000000 0.727273 0.000000 0.000000
0 0 0.900000 0.000000 0.636364 1.000000 0.636364 0.000000 0.636364 0.000000 0.000000
0 0 0.900000 0.000000 0.727273 1.166875 0.727273 0.000000 0.727273 0.000000 0.000000
0 0 0.900000 0.000000 0.909091 1.166875 0.909091 0.000000 0.909091 0.000000 0.000000
0 0 0.900000 0.000000 0.727273 1.166875 0.727273 0.000000 0.727273 0.000000 0.000000
0 0 0.900000 0.000000 0.727273 1.000000 0.727273 0.000000 0.727273 0.000000 0.000000
0 0 0.900000 0.000000 0.583333 1.000000 0.583333 0.000000 0.583333 0.000000 0.000000
0 0 0.900000 0.000000 0.700000 1.166875 0.700000 0.000000 0.700000 0.000000 0.000000
0 0 0.900000 0.000000 0.750000 1.000000 0.750000 0.000000 0.750000 0.000000 0.000000
0 0 0.900000 0.000000 0.600000 1.166875 0.600000 0.000000 0.600000 0.000000 0.000000
0 0 0.900000 0.000000 0.666667 1.166875 0.666667 0.000000 0.666667 0.000000 0.000000
0 0 0.900000 0.000000 0.900000 1.166875 0.900000 0.000000 0.900000 0.000000 0.000000
0 0 0.900000 0.000000 0.583333 1.000000 0.583333 0.000000 0.583333 0.000000 0.000000
0 0 0.900000 0.000000 0.700000 1.000000 0.700000 0.000000 0.700000 0.000000 0.000000
0 0 0.900000 0.000000 0.666667 1.166875 0.666667 0.000000 0.666667 0.000000 0.000000
0 0 0.900000 0.000000 0.700000 1.000000 0.700000 0.000000 0.700000 0.000000 0.000000
0 0 0.900000 0.000000 0.583333 1.166875 0.583333 0.000000 0.583333 0.000000 0.000000
0 0 0.900000 0.000000 0.818182 1.166875 0.818182 0.000000 0.818182 0.000000 0.000000
0 0 0.900000 0.000000 0.636364 1.166875 0.636364 0.000000 0.636364 0.000000 0.000000
0 0 0.900000 0.000000 0.636364 1.000000 0.636364 0.000000 0.636364 0.000000 0.000000
0 0 0.900000 0.000000 0.800000 1.000000 0.800000 0.000000 0.800000 0.000000 0.000000
0 0 0.900000 0.000000 0.666667 1.166875 0.666667 0.000000 0.666667 0.000000 0.000000
0 0 0.900000 0.000000 0.666667 1.000000 0.666667 0.000000 0.666667 0.000000 0.000000
0 0 0.900000 0.000000 0.800000 1.166875 0.800000 0.000000 0.800000 0.000000 0.000000
0 0 0.900000 0.000000 0.666667 1.166875 0.666667 0.000000 0.666667 0.000000 0.000000
0 0 0.900000 0.000000 0.727273 1.166875 0.727273 0.000000 0.727273 0.000000 0.000000
0 0 0.900000 0.000000 0.700000 1.000000 0.700000 0.000000 0.700000 0.000000 0.000000
0 0 0.900000 0.000000 0.583333 1.000000 0.583333 0.000000 0.583333 0.000000 0.000000
0 0 0.900000 0.000000 0.636364 1.166875 0.636364 0.000000 0.636364 0.000000 0.000000
0 0 0.900000 0.000000 0.818182 1.000000 0.818182 0.000000 0.818182 0.000000 0.000000
0 0 0.900000 0.000000 0.636364 1.166875 0.636364 0.000000 0.636364 0.000000 0.000000
0 0 0.900000 0.000000 0.727273 1.166875 0.727273 0.000000 0.727273 0.000000 0.000000
0 0 0.900000 0.000000 0.727273 1.166875 0.727273 0.000000 0.727273 0.000000 0.000000
0 0 0.900000 0.000000 0.727273 1.000000 0.727273 0.000000 0.727273 0.000000 0.000000
0 0 0.900000 0.000000 0.636364 1.000000 0.636364 0.000000 0.636364 0.000000 0.000000
0 0 0.900000 0.000000 0.636364 1.166875 0.636364 0.000000 0.636364 0.000000 0.000000
0 0 0.900000 0.000000 0.750000 1.000000 0.750000 0.000000 0.750000 0.000000 0.000000
0 0 0.900000 0.000000 0.636364 1.166875 0.636364 0.000000 0.636364 0.000000 0.000000
0 0 0.900000 0.000000 0.727273 1.166875 0.727273 0.000000 0.727273 0.000000 0.000000
0 0 0.900000 0.000000 0.818182 1.166875 0.818182 0.000000 0.818182 0.000000 0.000000
0 0 0.900000 0.000000 0.636364 1.000000 0.636364 0.000000 0.636364 0.000000 0.000000
0 0 0.900000 0.000000 0.600000 1.000000 0.600000 0.000000 0.600000 0.000000 0.000000
0 0 0.900000 0.000000 0.666667 1.166875 0.666667 0.000000 0.666667 0.000000 0.000000
0 0 0.900000 0.000000 0.700000 1.000000 0.700000 0.000000 0.700000 0.000000 0.000000
0 0 0.900000 0.000000 0.666667 1.166875 0.666667 0.000000 0.666667 0.000000 0.000000
0 0 0.900000 0.000000 0.727273 1.166875 0.727273 0.000000 0.727273 0.000000 0.000000
0 0 0.900000 0.000000 0.636364 1.166875 0.636364 0.000000 0.636364 0.000000 0.000000
0 0 0.900000 0.000000 0.666667 1.000000 0.666667 0.000000 0.666667 0.000000 0.000000
0 0 0.900000 0.000000 0.700000 1.000000 0.700000 0.000000 0.700000 0.000000 0.000000
0 0 0.900000 0.000000 0.727273 1.166875 0.727273 0.000000 0.727273 0.000000 0.000000
0 0 0.900000 0.000000 1.000000 1.000000 1.000000 0.000000 1.000000 0.000000 0.000000
0 0 0.900000 0.000000 0.666667 1.166875 0.666667 0.000000 0.666667 0.000000 0.000000
0 0 0.900000 0.000000 0.636364 1.166875 0.636364 0.000000 0.636364 0.000000 0.000000
0 0 0.900000 0.000000 0.800000 1.166875 0.800000 0.000000 0.800000 0.000000 0.000000
0 0 0.900000 0.000000 0.666667 1.000000 0.666667 0.000000 0.666667 0.000000 0.000000
0 0 0.900000 0.000000 0.700000 1.000000 0.700000 0.000000 0.700000 0.000000 0.000000
0 0 0.900000 0.000000 0.666667 1.166875 0.666667 0.000000 0.666667 0.000000 0.000000
0 0 0.900000 0.000000 0.666667 1.000000 0.666667 0.000000 0.666667 0.000000 0.000000
0 0 0.900000 0.000000 0.600000 1.166875 0.600000 0.000000 0.600000 0.000000 0.000000
0 0 0.900000 0.000000 0.727273 1.166875 0.727273 0.000000 0.727273 0.000000 0.000000
0 0 0.900000 0.000000 0.545455 1.166875 0.545455 0.000000 0.545455 0.000000 0.000000
0 0 0.900000 0.000000 0.727273 1.000000 0.727273 0.000000 0.727273 0.000000 0.000000
0 0 0.900000 0.000000 0.666667 1.000000 0.666667 0.000000 0.666667 0.000000 0.000000
0 0 0.900000 0.000000 0.636364 1.166875 0.636364 0.000000 0.636364 0.000000 0.000000
0 0 0.900000 0.000000 0.700000 1.000000 0.700000 0.000000 0.700000 0.000000 0.000000
0 0 0.900000 0.000000 0.750000 1.166875 0.750000 0.000000 0.750000 0.000000 0.000000
0 0 0.900000 0.000000 0.700000 1.166875 0.700000 0.000000 0.700000 0.000000 0.000000
0 0 0.900000 0.000000 0.727273 1.166875 0.727273 0.000000 0.727273 0.000000 0.000000
0 0 0.900000 0.000000 0.666667 1.000000 0.666667 0.000000 0.666667 0.000000 0.000000
0 0 0.900000 0.000000 0.727273 1.000000 0.727273 0.000000 0.727273 0.000000 0.000000
0 0 0.900000 0.000000 0.600000 1.166875 0.600000 0.000000 0.600000 0.000000 0.000000
0 0 0.900000 0.000000 0.833333 1.000000 0.833333 0.000000 0.833333 0.000000 0.000000
0 0 0.900000 0.000000 0.636364 1.166875 0.636364 0.000000 0.636364 0.000000 0.000000
0 0 0.900000 0.000000 0.700000 1.166875 0.700000 0.000000 0.700000 0.000000 0.000000
0 0 0.900000 0.000000 0.833333 1.166875 0.833333 0.000000 0.833333 0.000000 0.000000
0 0 0.900000 0.000000 0.727273 1.000000 0.727273 0.000000 0.727273 0.000000 0.000000
0 0 0.900000 0.000000 0.666667 1.000000 0.666667 0.000000 0.666667 0.000000 0.000000
0 0 0.900000 0.000000 0.700000 1.166875 0.700000 0.000000 0.700000 0.000000 0.000000
0 0 0.900000 0.000000 0.800000 1.000000 0.800000 0.000000 0.800000 0.000000 0.000000
0 0 0.900000 0.000000 0.615385 1.166875 0.615385 0.000000 0.615385 0.000000 0.000000
0 0 0.900000 0.000000 0.727273 1.166875 0.727273 0.000000 0.727273 0.000000 0.000000
0 0 0.900000 0.000000 0.800000 1.166875 0.800000 0.000000 0.800000 0.000000 0.000000
0 0 0.900000 0.000000 0.666667 1.000000 0.666667 0.000000 0.666667 0.000000 0.000000
0 0 0.900000 0.000000 0.636364 1.000000 0.636364 0.000000 0.636364 0.000000 0.000000
0 0 0.900000 0.000000 0.727273 1.166875 0.727273 0.000000 0.727273 0.000000 0.000000
0 0 0.900000 0.000000 0.545455 1.000000 0.545455 0.000000 0.545455 0.000000 0.000000
0 0 0.900000 0.000000 0.727273 1.166875 0.727273 0.000000 0.727273 0.000000 0.000000
0 0 0.900000 0.000000 0.727273 1.166875 0.727273 0.000000 0.727273 0.000000 0.000000
0 0 0.900000 0.000000 0.600000 1.166875 0.600000 0.000000 0.600000 0.000000 0.000000
0 0 0.900000 0.000000 0.666667 1.000000 0.666667 0.000000 0.666667 0.000000 0.000000
0 0 0.900000 0.000000 0.700000 1.000000 0.700000 0.000000 0.700000 0.000000 0.000000
0 0 0.900000 0.000000 0.666667 1.166875 0.666667 0.000000 0.666667 0.000000 0.000000
0 0 0.900000 0.000000 0.666667 1.000000 0.666667 0.000000 0.666667 0.000000 0.000000
0 0 0.900000 0.000000 0.800000 1.166875 0.800000 0.000000 0.800000 0.000000 0.000000
0 0 0.900000 0.000000 0.727273 1.166875 0.727273 0.000000 0.727273 0.000000 0.000000
0 0 0.900000 0.000000 0.833333 1.166875 0.833333 0.000000 0.833333 0.000000 0.000000
0 0 0.900000 0.000000 0.727273 1.000000 0.727273 0.000000 0.727273 0.000000 0.000000
0 0 0.900000 0.000000 1.000000 1.000000 1.000000 0.000000 1.000000 0.000000 0.000000
0 0 0.900000 0.000000 0.545455 1.166875 0.545455 0.000000 0.545455 0.000000 0.000000
0 0 0.900000 0.000000 0.818182 1.000000 0.818182 0.000000 0.818182 0.000000 0.000000
0 0 0.900000 0.000000 0.636364 1.166875 0.636364 0.000000 0.636364 0.000000 0.000000
0 0 0.900000 0.000000 0.727273 1.166875 0.727273 0.000000 0.727273 0.000000 0.000000
0 0 0.900000 0.000000 0.818182 1.166875 0.818182 0.000000 0.818182 0.000000 0.000000
0 0 0.900000 0.000000 0.727273 1.000000 0.727273 0.000000 0.727273 0.000000 0.000000
0 0 0.900000 0.000000 0.636364 1.000000 0.636364 0.000000 0.636364 0.000000 0.000000
0 0 0.900000 0.000000 0.666667 1.166875 0.666667 0.000000 0.666667 0.000000 0.000000
0 0 0.900000 0.000000 0.800000 1.000000 0.800000 0.000000 0.800000 0.000000 0.000000
0 0 0.900000 0.000000 0.545455 1.166875 0.545455 0.000000 0.545455 0.000000 0.000000
0 0 0.900000 0.000000 0.750000 1.166875 0.750000 0.000000 0.750000 0.000000 0.000000
0 0 0.900000 0.000000 0.727273 1.166875 0.727273 0.000000 0.727273 0.000000 0.000000
0 0 0.900000 0.000000 0.727273 1.000000 0.727273 0.000000 0.727273 0.000000 0.000000
0 0 0.900000 0.000000 0.636364 1.000000 0.636364 0.000000 0.636364 0.000000 0.000000
0 0 0.900000 0.000000 0.666667 1.166875 0.666667 0.000000 0.666667 0.000000 0.000000
0 0 0.900000 0.000000 0.600000 1.000000 0.600000 0.000000 0.600000 0.000000 0.000000
0 0 0.900000 0.000000 0.727273 1.166875 0.727273 0.000000 0.727273 0.000000 0.000000
0 0 0.900000 0.000000 0.727273 1.166875 0.727273 0.000000 0.727273 0.000000 0.000000
0 0 0.900000 0.000000 0.727273 1.166875 0.727273 0.000000 0.727273 0.000000 0.000000
0 0 0.900000 0.000000 0.727273 1.000000 0.727273 0.000000 0.727273 0.000000 0.000000
0 0 0.900000 0.000000 0.666667 1.000000 0.666667 0.000000 0.666667 0.000000 0.000000
0 0 0.900000 0.000000 0.636364 1.166875 0.636364 0.000000 0.636364 0.000000 0.000000
0 0 0.900000 0.000000 0.727273 1.000000 0.727273 0.000000 0.727273 0.000000 0.000000
0 0 0.900000 0.000000 0.700000 1.166875 0.700000 0.000000 0.700000 0.000000 0.000000
0 0 0.900000 0.000000 0.666667 1.166875 0.666667 0.000000 0.666667 0.000000 0.000000
0 0 0.900000 0.000000 0.727273 1.166875 0.727273 0.000000 0.727273 0.000000 0.000000
0 0 0.900000 0.000000 0.727273 1.000000 0.727273 0.000000 0.727273 0.000000 0.000000
0 0 0.900000 0.000000 0.666667 1.000000 0.666667 0.000000 0.666667 0.000000 0.000000
0 0 0.900000 0.000000 0.600000 1.166875 0.600000 0.000000 0.600000 0.000000 0.000000
0 0 0.900000 0.000000 0.818182 1.000000 0.818182 0.000000 0.818182 0.000000 0.000000
0 0 0.900000 0.000000 0.727273 1.166875 0.727273 0.000000 0.727273 0.000000 0.000000
0 0 0.900000 0.000000 0.636364 1.166875 0.636364 0.000000 0.636364 0.000000 0.000000
0 0 0.900000 0.000000 0.727273 1.166875 0.727273 0.000000 0.727273 0.000000 0.000000
0 0 0.900000 0.000000 0.727273 1.000000 0.727273 0.000000 0.727273 0.000000 0.000000
0 0 0.900000 0.000000 0.727273 1.000000 0.727273 0.000000 0.727273 0.000000 0.000000
0 0 0.900000 0.000000 0.666667 1.166875 0.666667 0.000000 0.666667 0.000000 0.000000
0 0 0.900000 0.000000 0.818182 1.000000 0.818182 0.000000 0.818182 0.000000 0.000000
0 0 0.900000 0.000000 0.636364 1.166875 0.636364 0.000000 0.636364 0.000000 0.000000
0 0 0.900000 0.000000 0.800000 1.166875 0.800000 0.000000 0.800000 0.000000 0.000000
0 0 0.900000 0.000000 0.750000 1.166875 0.750000 0.000000 0.750000 0.000000 0.000000
0 0 0.900000 0.000000 0.727273 1.000000 0.727273 0.000000 0.727273 0.000000 0.000000
0 0 0.900000 0.000000 0.636364 1.000000 0.636364 0.000000 0.636364 0.000000 0.000000
0 0 0.900000 0.000000 0.818182 1.166875 0.818182 0.000000 0.818182 0.000000 0.000000
0 0 0.900000 0.000000 0.727273 1.000000 0.727273 0.000000 0.727273 0.000000 0.000000
0 0 0.900000 0.000000 0.600000 1.166875 0.600000 0.000000 0.600000 0.000000 0.000000
0 0 0.900000 0.000000 0.750000 1.166875 0.750000 0.000000 0.750000 0.000000 0.000000
0 0 0.900000 0.000000 0.833333 1.166875 0.833333 0.000000 0.833333 0.000000 0.000000
0 0 0.900000 0.000000 0.700000 1.000000 0.700000 0.000000 0.700000 0.000000 0.000000
0 0 0.900000 0.000000 0.727273 1.000000 0.727273 0.000000 0.727273 0.000000 0.000000
0 0 0.900000 0.000000 0.727273 1.166875 0.727273 0.000000 0.727273 0.000000 0.000000
0 0 0.900000 0.000000 0.636364 1.000000 0.636364 0.000000 0.636364 0.000000 0.000000
0 0 0.900000 0.000000 0.700000 1.166875 0.700000 0.000000 0.700000 0.000000 0.000000
0 0 0.900000 0.000000 0.750000 1.166875 0.750000 0.000000 0.750000 0.000000 0.000000
0 0 0.900000 0.000000 0.727273 1.166875 0.727273 0.000000 0.727273 0.000000 0.000000
0 0 0.900000 0.000000 0.666667 1.000000 0.666667 0.000000 0.666667 0.000000 0.000000
0 0 0.900000 0.000000 0.636364 1.000000 0.636364 0.000000 0.636364 0.000000 0.000000
0 0 0.900000 0.000000 0.700000 1.166875 0.700000 0.000000 0.700000 0.000000 0.000000
0 0 0.900000 0.000000 0.666667 1.000000 0.666667 0.000000 0.666667 0.000000 0.000000
0 0 0.900000 0.000000 0.700000 1.166875 0.700000 0.000000 0.700000 0.000000 0.000000
0 0 0.900000 0.000000 0.727273 1.166875 0.727273 0.000000 0.727273 0.000000 0.000000
0 0 0.900000 0.000000 0.636364 1.166875 0.636364 0.000000 0.636364 0.000000 0.000000
0 0 0.900000 0.000000 0.727273 1.000000 0.727273 0.000000 0.727273 0.000000 0.000000
0 0 0.900000 0.000000 0.727273 1.000000 0.727273 0.000000 0.727273 0.000000 0.000000
0 0 0.900000 0.000000 0.666667 1.166875 0.666667 0.000000 0.666667 0.000000 0.000000
0 0 0.900000 0.000000 0.636364 1.000000 0.636364 0.000000 0.636364 0.000000 0.000000
0 0 0.900000 0.000000 0.700000 1.166875 0.700000 0.000000 0.700000 0.000000 0.000000
0 0 0.900000 0.000000 0.750000 1.166875 0.750000 0.000000 0.750000 0.000000 0.000000
0 0 0.900000 0.000000 0.727273 1.166875 0.727273 0.000000 0.727273 0.000000 0.000000
0 0 0.900000 0.000000 0.800000 1.000000 0.800000 0.000000 0.800000 0.000000 0.000000
0 0 0.900000 0.000000 0.666667 1.000000 0.666667 0.000000 0.666667 0.000000 0.000000
0 0 0.900000 0.000000 0.636364 1.166875 0.636364 0.000000 0.636364 0.000000 0.000000
0 0 0.900000 0.000000 0.818182 1.000000 0.818182 0.000000 0.818182 0.000000 0.000000
0 0 0.900000 0.000000 0.636364 1.166875 0.636364 0.000000 0.636364 0.000000 0.000000
0 0 0.900000 0.000000 0.636364 1.166875 0.636364 0.000000 0.636364 0.000000 0.000000
0 0 0.900000 0.000000 0.818182 1.166875 0.818182 0.000000 0.818182 0.000000 0.000000
0 0 0.900000 0.000000 0.636364 1.000000 0.636364 0.000000 0.636364 0.000000 0.000000
0 0 0.900000 0.000000 0.818182 1.000000 0.818182 0.000000 0.818182 0.000000 0.000000
0 0 0.900000 0.000000 0.636364 1.166875 0.636364 0.000000 0.636364 0.000000 0.000000
0 0 0.900000 0.000000 0.727273 1.000000 0.727273 0.000000 0.727273 0.000000 0.000000
0 0 0.900000 0.000000 0.666667 1.166875 0.666667 0.000000 0.666667 0.000000 0.000000
0 0 0.900000 0.000000 0.700000 1.166875 0.700000 0.000000 0.700000 0.000000 0.000000
0 0 0.900000 0.000000 0.750000 1.166875 0.750000 0.000000 0.750000 0.000000 0.000000
0 0 0.900000 0.000000 0.700000 1.000000 0.700000 0.000000 0.700000 0.000000 0.000000
0 0 0.900000 0.000000 0.636364 1.000000 0.636364 0.000000 0.636364 0.000000 0.000000
0 0 0.900000 0.000000 0.727273 1.166875 0.727273 0.000000 0.727273 0.000000 0.000000
0 0 0.900000 0.000000 0.833333 1.000000 0.833333 0.000000 0.833333 0.000000 0.000000
0 0 0.900000 0.000000 0.700000 1.166875 0.700000 0.000000 0.700000 0.000000 0.000000
0 0 0.900000 0.000000 0.818182 1.166875 0.818182 0.000000 0.818182 0.000000 0.000000
0 0 0.900000 0.000000 0.750000 1.166875 0.750000 0.000000 0.750000 0.000000 0.000000
0 0 0.900000 0.000000 0.700000 1.000000 0.700000 0.000000 0.700000 0.000000 0.000000
0 0 0.900000 0.000000 0.750000 1.000000 0.750000 0.000000 0.750000 0.000000 0.000000
0 0 0.900000 0.000000 0.727273 1.166875 0.727273 0.000000 0.727273 0.000000 0.000000
0 0 0.900000 0.000000 0.818182 1.000000 0.818182 0.000000 0.818182 0.000000 0.000000
0 0 0.900000 0.000000 1.000000 1.166875 1.000000 0.000000 1.000000 0.000000 0.000000
0 0 0.900000 0.000000 0.909091 1.166875 0.909091 0.000000 0.909091 0.000000 0.000000
0 0 0.900000 0.000000 0.818182 1.166875 0.818182 0.000000 0.818182 0.000000 0.000000
0 0 0.900000 0.000000 0.909091 1.000000 0.909091 0.000000 0.909091 0.000000 0.000000
0 0 0.900000 0.000000 0.909091 1.000000 0.909091 0.000000 0.909091 0.000000 0.000000
0 0 0.900000 0.000000 0.727273 1.166875 0.727273 0.000000 0.727273 0.000000 0.000000
0 0 0.900000 0.000000 0.818182 1.000000 0.818182 0.000000 0.818182 0.000000 0.000000
0 0 0.900000 0.000000 0.833333 1.166875 0.833333 0.000000 0.833333 0.000000 0.000000
0 0 0.900000 0.000000 0.800000 1.166875 0.800000 0.000000 0.800000 0.000000 0.000000
0 0 0.900000 0.000000 0.727273 1.166875 0.727273 0.000000 0.727273 0.000000 0.000000
0 0 0.900000 0.000000 0.909091 1.000000 0.909091 0.000000 0.909091 0.000000 0.000000
0 0 0.900000 0.000000 0.666667 1.000000 0.666667 0.000000 0.666667 0.000000 0.000000
0 0 0.900000 0.000000 0.727273 1.166875 0.727273 0.000000 0.727273 0.000000 0.000000
0 0 0.900000 0.000000 0.727273 1.000000 0.727273 0.000000 0.727273 0.000000 0.000000
0 0 0.900000 0.000000 0.818182 1.166875 0.818182 0.000000 0.818182 0.000000 0.000000
0 0 0.900000 0.000000 0.700000 1.166875 0.700000 0.000000 0.700000 0.000000 0.000000
0 0 0.900000 0.000000 0.818182 1.166875 0.818182 0.000000 0.818182 0.000000 0.000000
0 0 0.900000 0.000000 0.750000 1.000000 0.750000 0.000000 0.750000 0.000000 0.000000
0 0 0.900000 0.000000 0.636364 1.000000 0.636364 0.000000 0.636364 0.000000 0.000000
0 0 0.900000 0.000000 0.800000 1.166875 0.800000 0.000000 0.800000 0.000000 0.000000
0 0 0.900000 0.000000 0.833333 1.000000 0.833333 0.000000 0.833333 0.000000 0.000000
0 0 0.900000 0.000000 0.727273 1.166875 0.727273 0.000000 0.727273 0.000000 0.000000
0 0 0.900000 0.000000 0.750000 1.166875 0.750000 0.000000 0.750000 0.000000 0.000000
0 0 0.900000 0.000000 0.800000 1.166875 0.800000 0.000000 0.800000 0.000000 0.000000
0 0 0.900000 0.000000 0.727273 1.000000 0.727273 0.000000 0.727273 0.000000 0.000000
0 0 0.900000 0.000000 0.700000 1.000000 0.700000 0.000000 0.700000 0.000000 0.000000
0 0 0.900000 0.000000 0.833333 1.166875 0.833333 0.000000 0.833333 0.000000 0.000000
0 0 0.900000 0.000000 0.818182 1.000000 0.818182 0.000000 0.818182 0.000000 0.000000
0 0 0.900000 0.000000 0.727273 1.166875 0.727273 0.000000 0.727273 0.000000 0.000000
0 0 0.900000 0.000000 0.750000 1.166875 0.750000 0.000000 0.750000 0.000000 0.000000
0 0 0.900000 0.000000 0.800000 1.166875 0.800000 0.000000 0.800000 0.000000 0.000000
