0 0 0.000000 0.000000 0.202677 1.000000 0.202677 0.000000 0.202677 0.000000 0.000000
0 0 0.000000 0.000000 1.000000 1.000000 1.000000 0.000000 1.000000 0.000000 0.000000
0 0 0.000000 0.000000 1.000000 1.000000 1.000000 0.000000 1.000000 0.000000 0.000000
0 0 0.000000 0.000000 1.000000 1.166875 1.000000 0.000000 1.000000 0.000000 0.000000
0 0 0.000000 0.000000 1.000000 1.000000 1.000000 0.000000 1.000000 0.000000 0.000000
0 0 0.000000 0.000000 0.545455 1.166875 0.545455 0.000000 0.545455 0.000000 0.000000
0 0 0.000000 0.000000 0.500000 1.166875 0.500000 0.000000 0.500000 0.000000 0.000000
0 0 0.000000 0.000000 0.000000 1.166875 0.000000 0.000000 0.000000 0.000000 0.000000
0 0 0.000000 0.000000 0.000000 1.000000 0.000000 0.000000 0.000000 0.000000 0.000000
0 0 0.000000 0.000000 0.000000 1.000000 0.000000 0.000000 0.000000 0.000000 0.000000
0 0 0.000000 0.000000 0.000000 1.166875 0.000000 0.000000 0.000000 0.000000 0.000000
0 0 0.000000 0.000000 0.000000 1.000000 0.000000 0.000000 0.000000 0.000000 0.000000
0 0 0.000000 0.000000 0.833333 1.166875 0.833333 0.000000 0.833333 0.000000 0.000000
0 0 0.000000 0.000000 1.000000 1.166875 1.000000 0.000000 1.000000 0.000000 0.000000
0 0 0.000000 0.000000 1.000000 1.166875 1.000000 0.000000 1.000000 0.000000 0.000000
0 0 0.000000 0.000000 1.000000 1.000000 1.000000 0.000000 1.000000 0.000000 0.000000
0 0 0.000000 0.000000 1.000000 1.000000 1.000000 0.000000 1.000000 0.000000 0.000000
0 0 0.000000 0.000000 1.000000 1.166875 1.000000 0.000000 1.000000 0.000000 0.000000
0 0 0.000000 0.000000 1.000000 1.000000 1.000000 0.000000 1.000000 0.000000 0.000000
0 0 0.000000 0.000000 0.100000 1.166875 0.100000 0.000000 0.100000 0.000000 0.000000
0 0 0.000000 0.000000 0.416667 1.166875 0.416667 0.000000 0.416667 0.000000 0.000000
0 0 0.000000 0.000000 0.300000 1.166875 0.300000 0.000000 0.300000 0.000000 0.000000
0 0 0.000000 0.000000 0.166667 1.000000 0.166667 0.000000 0.166667 0.000000 0.000000
0 0 0.000000 0.000000 0.200000 1.000000 0.200000 0.000000 0.200000 0.000000 0.000000
0 0 0.000000 0.000000 0.272727 1.166875 0.272727 0.000000 0.272727 0.000000 0.000000
0 0 0.000000 0.000000 0.272727 1.000000 0.272727 0.000000 0.272727 0.000000 0.000000
0 0 0.000000 0.000000 0.333333 1.166875 0.333333 0.000000 0.333333 0.000000 0.000000
0 0 0.000000 0.000000 0.363636 1.166875 0.363636 0.000000 0.363636 0.000000 0.000000
0 0 0.000000 0.000000 0.181818 1.166875 0.181818 0.000000 0.181818 0.000000 0.000000
0 0 0.000000 0.000000 0.181818 1.000000 0.181818 0.000000 0.181818 0.000000 0.000000
0 0 0.000000 0.000000 0.333333 1.000000 0.333333 0.000000 0.333333 0.000000 0.000000
0 0 0.000000 0.000000 0.100000 1.166875 0.100000 0.000000 0.100000 0.000000 0.000000
0 0 0.000000 0.000000 0.272727 1.000000 0.272727 0.000000 0.272727 0.000000 0.000000
0 0 0.000000 0.000000 0.272727 1.166875 0.272727 0.000000 0.272727 0.000000 0.000000
0 0 0.000000 0.000000 0.272727 1.166875 0.272727 0.000000 0.272727 0.000000 0.000000
0 0 0.000000 0.000000 0.272727 1.166875 0.272727 0.000000 0.272727 0.000000 0.000000
0 0 0.000000 0.000000 0.333333 1.000000 0.333333 0.000000 0.333333 0.000000 0.000000
0 0 0.000000 0.000000 0.200000 1.000000 0.200000 0.000000 0.200000 0.000000 0.000000
0 0 0.000000 0.000000 0.166667 1.166875 0.166667 0.000000 0.166667 0.000000 0.000000
0 0 0.000000 0.000000 0.363636 1.000000 0.363636 0.000000 0.363636 0.000000 0.000000
0 0 0.000000 0.000000 0.090909 1.166875 0.090909 0.000000 0.090909 0.000000 0.000000
0 0 0.000000 0.000000 0.200000 1.166875 0.200000 0.000000 0.200000 0.000000 0.000000
0 0 0.000000 0.000000 0.333333 1.166875 0.333333 0.000000 0.333333 0.000000 0.000000
0 0 0.000000 0.000000 0.272727 1.000000 0.272727 0.000000 0.272727 0.000000 0.000000
0 0 0.000000 0.000000 0.181818 1.000000 0.181818 0.000000 0.181818 0.000000 0.000000
0 0 0.000000 0.000000 0.272727 1.166875 0.272727 0.000000 0.272727 0.000000 0.000000
0 0 0.000000 0.000000 0.363636 1.000000 0.363636 0.000000 0.363636 0.000000 0.000000
0 0 0.000000 0.000000 0.250000 1.166875 0.250000 0.000000 0.250000 0.000000 0.000000
0 0 0.000000 0.000000 0.222222 1.166875 0.222222 0.000000 0.222222 0.000000 0.000000
0 0 0.000000 0.000000 0.250000 1.166875 0.250000 0.000000 0.250000 0.000000 0.000000
0 0 0.000000 0.000000 0.181818 1.000000 0.181818 0.000000 0.181818 0.000000 0.000000
0 0 0.000000 0.000000 0.300000 1.000000 0.300000 0.000000 0.300000 0.000000 0.000000
0 0 0.000000 0.000000 0.250000 1.166875 0.250000 0.000000 0.250000 0.000000 0.000000
0 0 0.000000 0.000000 0.272727 1.000000 0.272727 0.000000 0.272727 0.000000 0.000000
0 0 0.000000 0.000000 0.272727 1.166875 0.272727 0.000000 0.272727 0.000000 0.000000
0 0 0.000000 0.000000 0.181818 1.166875 0.181818 0.000000 0.181818 0.000000 0.000000
0 0 0.000000 0.000000 0.272727 1.166875 0.272727 0.000000 0.272727 0.000000 0.000000
0 0 0.000000 0.000000 0.272727 1.000000 0.272727 0.000000 0.272727 0.000000 0.000000
0 0 0.000000 0.000000 0.333333 1.000000 0.333333 0.000000 0.333333 0.000000 0.000000
0 0 0.000000 0.000000 0.200000 1.166875 0.200000 0.000000 0.200000 0.000000 0.000000
0 0 0.000000 0.000000 0.181818 1.000000 0.181818 0.000000 0.181818 0.000000 0.000000
0 0 0.000000 0.000000 0.909091 1.166875 0.909091 0.000000 0.909091 0.000000 0.000000
0 0 0.000000 0.000000 0.333333 1.166875 0.333333 0.000000 0.333333 0.000000 0.000000
0 0 0.000000 0.000000 0.272727 1.166875 0.272727 0.000000 0.272727 0.000000 0.000000
0 0 0.000000 0.000000 0.272727 1.000000 0.272727 0.000000 0.272727 0.000000 0.000000
0 0 0.000000 0.000000 0.272727 1.000000 0.272727 0.000000 0.272727 0.000000 0.000000
0 0 0.000000 0.000000 0.200000 1.166875 0.200000 0.000000 0.200000 0.000000 0.000000
0 0 0.000000 0.000000 0.250000 1.000000 0.250000 0.000000 0.250000 0.000000 0.000000
0 0 0.000000 0.000000 0.272727 1.166875 0.272727 0.000000 0.272727 0.000000 0.000000
0 0 0.000000 0.000000 0.363636 1.166875 0.363636 0.000000 0.363636 0.000000 0.000000
0 0 0.000000 0.000000 0.200000 1.166875 0.200000 0.000000 0.200000 0.000000 0.000000
0 0 0.000000 0.000000 0.333333 1.000000 0.333333 0.000000 0.333333 0.000000 0.000000
0 0 0.000000 0.000000 0.181818 1.000000 0.181818 0.000000 0.181818 0.000000 0.000000
0 0 0.000000 0.000000 0.181818 1.166875 0.181818 0.000000 0.181818 0.000000 0.000000
0 0 0.000000 0.000000 0.363636 1.000000 0.363636 0.000000 0.363636 0.000000 0.000000
0 0 0.000000 0.000000 0.181818 1.166875 0.181818 0.000000 0.181818 0.000000 0.000000
0 0 0.000000 0.000000 0.200000 1.166875 0.200000 0.000000 0.200000 0.000000 0.000000
0 0 0.000000 0.000000 0.333333 1.166875 0.333333 0.000000 0.333333 0.000000 0.000000
0 0 0.000000 0.000000 0.166667 1.000000 0.166667 0.000000 0.166667 0.000000 0.000000
0 0 0.000000 0.000000 0.111111 1.000000 0.111111 0.000000 0.111111 0.000000 0.000000
0 0 0.000000 0.000000 0.333333 1.166875 0.333333 0.000000 0.333333 0.000000 0.000000
0 0 0.000000 0.000000 0.181818 1.000000 0.181818 0.000000 0.181818 0.000000 0.000000
0 0 0.000000 0.000000 0.272727 1.166875 0.272727 0.000000 0.272727 0.000000 0.000000
0 0 0.000000 0.000000 0.181818 1.166875 0.181818 0.000000 0.181818 0.000000 0.000000
0 0 0.000000 0.000000 0.272727 1.166875 0.272727 0.000000 0.272727 0.000000 0.000000
0 0 0.000000 0.000000 0.333333 1.000000 0.333333 0.000000 0.333333 0.000000 0.000000
0 0 0.000000 0.000000 0.181818 1.000000 0.181818 0.000000 0.181818 0.000000 0.000000
0 0 0.000000 0.000000 0.272727 1.166875 0.272727 0.000000 0.272727 0.000000 0.000000
0 0 0.000000 0.000000 0.300000 1.000000 0.300000 0.000000 0.300000 0.000000 0.000000
0 0 0.000000 0.000000 0.250000 1.166875 0.250000 0.000000 0.250000 0.000000 0.000000
0 0 0.000000 0.000000 0.272727 1.166875 0.272727 0.000000 0.272727 0.000000 0.000000
0 0 0.000000 0.000000 0.300000 1.166875 0.300000 0.000000 0.300000 0.000000 0.000000
0 0 0.000000 0.000000 0.166667 1.000000 0.166667 0.000000 0.166667 0.000000 0.000000
0 0 0.000000 0.000000 0.400000 1.000000 0.400000 0.000000 0.400000 0.000000 0.000000
0 0 0.000000 0.000000 0.166667 1.166875 0.166667 0.000000 0.166667 0.000000 0.000000
0 0 0.000000 0.000000 0.200000 1.000000 0.200000 0.000000 0.200000 0.000000 0.000000
0 0 0.000000 0.000000 0.272727 1.166875 0.272727 0.000000 0.272727 0.000000 0.000000
0 0 0.000000 0.000000 0.250000 1.166875 0.250000 0.000000 0.250000 0.000000 0.000000
0 0 0.000000 0.000000 0.272727 1.166875 0.272727 0.000000 0.272727 0.000000 0.000000
0 0 0.000000 0.000000 0.363636 1.000000 0.363636 0.000000 0.363636 0.000000 0.000000
0 0 0.000000 0.000000 0.166667 1.000000 0.166667 0.000000 0.166667 0.000000 0.000000
0 0 0.000000 0.000000 0.200000 1.166875 0.200000 0.000000 0.200000 0.000000 0.000000
0 0 0.000000 0.000000 0.333333 1.000000 0.333333 0.000000 0.333333 0.000000 0.000000
0 0 0.000000 0.000000 0.100000 1.166875 0.100000 0.000000 0.100000 0.000000 0.000000
0 0 0.000000 0.000000 0.272727 1.166875 0.272727 0.000000 0.272727 0.000000 0.000000
0 0 0.000000 0.000000 0.363636 1.166875 0.363636 0.000000 0.363636 0.000000 0.000000
0 0 0.000000 0.000000 0.272727 1.000000 0.272727 0.000000 0.272727 0.000000 0.000000
0 0 0.000000 0.000000 0.250000 1.000000 0.250000 0.000000 0.250000 0.000000 0.000000
0 0 0.000000 0.000000 0.727273 1.166875 0.727273 0.000000 0.727273 0.000000 0.000000
0 0 0.000000 0.000000 0.200000 1.000000 0.200000 0.000000 0.200000 0.000000 0.000000
0 0 0.000000 0.000000 0.090909 1.166875 0.090909 0.000000 0.090909 0.000000 0.000000
0 0 0.000000 0.000000 0.454545 1.166875 0.454545 0.000000 0.454545 0.000000 0.000000
0 0 0.000000 0.000000 0.090909 1.166875 0.090909 0.000000 0.090909 0.000000 0.000000
0 0 0.000000 0.000000 0.181818 1.000000 0.181818 0.000000 0.181818 0.000000 0.000000
0 0 0.000000 0.000000 0.250000 1.000000 0.250000 0.000000 0.250000 0.000000 0.000000
0 0 0.000000 0.000000 0.200000 1.166875 0.200000 0.000000 0.200000 0.000000 0.000000
0 0 0.000000 0.000000 0.333333 1.000000 0.333333 0.000000 0.333333 0.000000 0.000000
0 0 0.000000 0.000000 0.272727 1.166875 0.272727 0.000000 0.272727 0.000000 0.000000
0 0 0.000000 0.000000 0.272727 1.166875 0.272727 0.000000 0.272727 0.000000 0.000000
0 0 0.000000 0.000000 0.090909 1.166875 0.090909 0.000000 0.090909 0.000000 0.000000
0 0 0.000000 0.000000 0.272727 1.000000 0.272727 0.000000 0.272727 0.000000 0.000000
0 0 0.000000 0.000000 0.181818 1.000000 0.181818 0.000000 0.181818 0.000000 0.000000
0 0 0.000000 0.000000 0.272727 1.166875 0.272727 0.000000 0.272727 0.000000 0.000000
0 0 0.000000 0.000000 0.272727 1.000000 0.272727 0.000000 0.272727 0.000000 0.000000
0 0 0.000000 0.000000 0.181818 1.166875 0.181818 0.000000 0.181818 0.000000 0.000000
0 0 0.000000 0.000000 0.272727 1.166875 0.272727 0.000000 0.272727 0.000000 0.000000
0 0 0.000000 0.000000 0.181818 1.166875 0.181818 0.000000 0.181818 0.000000 0.000000
0 0 0.000000 0.000000 0.363636 1.000000 0.363636 0.000000 0.363636 0.000000 0.000000
0 0 0.000000 0.000000 0.181818 1.000000 0.181818 0.000000 0.181818 0.000000 0.000000
0 0 0.000000 0.000000 0.181818 1.166875 0.181818 0.000000 0.181818 0.000000 0.000000
0 0 0.000000 0.000000 0.272727 1.000000 0.272727 0.000000 0.272727 0.000000 0.000000
0 0 0.000000 0.000000 0.181818 1.166875 0.181818 0.000000 0.181818 0.000000 0.000000
0 0 0.000000 0.000000 0.363636 1.166875 0.363636 0.000000 0.363636 0.000000 0.000000
0 0 0.000000 0.000000 0.181818 1.166875 0.181818 0.000000 0.181818 0.000000 0.000000
0 0 0.000000 0.000000 0.272727 1.000000 0.272727 0.000000 0.272727 0.000000 0.000000
0 0 0.000000 0.000000 0.272727 1.000000 0.272727 0.000000 0.272727 0.000000 0.000000
0 0 0.000000 0.000000 0.181818 1.166875 0.181818 0.000000 0.181818 0.000000 0.000000
0 0 0.000000 0.000000 0.272727 1.000000 0.272727 0.000000 0.272727 0.000000 0.000000
0 0 0.000000 0.000000 0.250000 1.166875 0.250000 0.000000 0.250000 0.000000 0.000000
0 0 0.000000 0.000000 0.181818 1.166875 0.181818 0.000000 0.181818 0.000000 0.000000
0 0 0.000000 0.000000 0.300000 1.166875 0.300000 0.000000 0.300000 0.000000 0.000000
0 0 0.000000 0.000000 0.250000 1.000000 0.250000 0.000000 0.250000 0.000000 0.000000
0 0 0.000000 0.000000 0.200000 1.000000 0.200000 0.000000 0.200000 0.000000 0.000000
0 0 0.000000 0.000000 0.272727 1.166875 0.272727 0.000000 0.272727 0.000000 0.000000
0 0 0.000000 0.000000 0.181818 1.000000 0.181818 0.000000 0.181818 0.000000 0.000000
0 0 0.000000 0.000000 0.250000 1.166875 0.250000 0.000000 0.250000 0.000000 0.000000
0 0 0.000000 0.000000 0.363636 1.166875 0.363636 0.000000 0.363636 0.000000 0.000000
0 0 0.000000 0.000000 0.100000 1.166875 0.100000 0.000000 0.100000 0.000000 0.000000
0 0 0.000000 0.000000 0.272727 1.000000 0.272727 0.000000 0.272727 0.000000 0.000000
0 0 0.000000 0.000000 0.181818 1.000000 0.181818 0.000000 0.181818 0.000000 0.000000
0 0 0.000000 0.000000 0.181818 1.166875 0.181818 0.000000 0.181818 0.000000 0.000000
0 0 0.000000 0.000000 0.416667 1.000000 0.416667 0.000000 0.416667 0.000000 0.000000
0 0 0.000000 0.000000 0.181818 1.166875 0.181818 0.000000 0.181818 0.000000 0.000000
0 0 0.000000 0.000000 0.181818 1.166875 0.181818 0.000000 0.181818 0.000000 0.000000
0 0 0.000000 0.000000 0.272727 1.166875 0.272727 0.000000 0.272727 0.000000 0.000000
0 0 0.000000 0.000000 0.909091 1.000000 0.909091 0.000000 0.909091 0.000000 0.000000
0 0 0.000000 0.000000 0.181818 1.000000 0.181818 0.000000 0.181818 0.000000 0.000000
0 0 0.000000 0.000000 0.272727 1.166875 0.272727 0.000000 0.272727 0.000000 0.000000
0 0 0.000000 0.000000 0.250000 1.000000 0.250000 0.000000 0.250000 0.000000 0.000000
0 0 0.000000 0.000000 0.200000 1.166875 0.200000 0.000000 0.200000 0.000000 0.000000
0 0 0.000000 0.000000 0.333333 1.166875 0.333333 0.000000 0.333333 0.000000 0.000000
0 0 0.000000 0.000000 0.200000 1.166875 0.200000 0.000000 0.200000 0.000000 0.000000
0 0 0.000000 0.000000 0.181818 1.000000 0.181818 0.000000 0.181818 0.000000 0.000000
0 0 0.000000 0.000000 0.272727 1.000000 0.272727 0.000000 0.272727 0.000000 0.000000
0 0 0.000000 0.000000 0.181818 1.166875 0.181818 0.000000 0.181818 0.000000 0.000000
0 0 0.000000 0.000000 0.181818 1.000000 0.181818 0.000000 0.181818 0.000000 0.000000
0 0 0.000000 0.000000 0.272727 1.166875 0.272727 0.000000 0.272727 0.000000 0.000000
0 0 0.000000 0.000000 0.363636 1.166875 0.363636 0.000000 0.363636 0.000000 0.000000
0 0 0.000000 0.000000 0.083333 1.166875 0.083333 0.000000 0.083333 0.000000 0.000000
0 0 0.000000 0.000000 0.363636 1.000000 0.363636 0.000000 0.363636 0.000000 0.000000
0 0 0.000000 0.000000 0.100000 1.000000 0.100000 0.000000 0.100000 0.000000 0.000000
0 0 0.000000 0.000000 0.181818 1.166875 0.181818 0.000000 0.181818 0.000000 0.000000
0 0 0.000000 0.000000 0.250000 1.000000 0.250000 0.000000 0.250000 0.000000 0.000000
0 0 0.000000 0.000000 0.272727 1.166875 0.272727 0.000000 0.272727 0.000000 0.000000
0 0 0.000000 0.000000 0.200000 1.166875 0.200000 0.000000 0.200000 0.000000 0.000000
0 0 0.000000 0.000000 0.333333 1.166875 0.333333 0.000000 0.333333 0.000000 0.000000
0 0 0.000000 0.000000 0.272727 1.000000 0.272727 0.000000 0.272727 0.000000 0.000000
0 0 0.000000 0.000000 0.090909 1.000000 0.090909 0.000000 0.090909 0.000000 0.000000
0 0 0.000000 0.000000 0.300000 1.166875 0.300000 0.000000 0.300000 0.000000 0.000000
0 0 0.000000 0.000000 0.250000 1.000000 0.250000 0.000000 0.250000 0.000000 0.000000
0 0 0.000000 0.000000 0.666667 1.166875 0.666667 0.000000 0.666667 0.000000 0.000000
0 0 0.000000 0.000000 0.272727 1.166875 0.272727 0.000000 0.272727 0.000000 0.000000
0 0 0.000000 0.000000 0.181818 1.166875 0.181818 0.000000 0.181818 0.000000 0.000000
0 0 0.000000 0.000000 0.300000 1.000000 0.300000 0.000000 0.300000 0.000000 0.000000
0 0 0.000000 0.000000 0.181818 1.000000 0.181818 0.000000 0.181818 0.000000 0.000000
0 0 0.000000 0.000000 0.250000 1.166875 0.250000 0.000000 0.250000 0.000000 0.000000
0 0 0.000000 0.000000 0.272727 1.000000 0.272727 0.000000 0.272727 0.000000 0.000000
0 0 0.000000 0.000000 0.272727 1.166875 0.272727 0.000000 0.272727 0.000000 0.000000
0 0 0.000000 0.000000 0.100000 1.166875 0.100000 0.000000 0.100000 0.000000 0.000000
0 0 0.000000 0.000000 0.333333 1.166875 0.333333 0.000000 0.333333 0.000000 0.000000
0 0 0.000000 0.000000 0.272727 1.000000 0.272727 0.000000 0.272727 0.000000 0.000000
0 0 0.000000 0.000000 0.272727 1.000000 0.272727 0.000000 0.272727 0.000000 0.000000
0 0 0.000000 0.000000 0.100000 1.166875 0.100000 0.000000 0.100000 0.000000 0.000000
0 0 0.000000 0.000000 0.272727 1.000000 0.272727 0.000000 0.272727 0.000000 0.000000
0 0 0.000000 0.000000 0.166667 1.166875 0.166667 0.000000 0.166667 0.000000 0.000000
0 0 0.000000 0.000000 0.200000 1.166875 0.200000 0.000000 0.200000 0.000000 0.000000
0 0 0.000000 0.000000 0.307692 1.166875 0.307692 0.000000 0.307692 0.000000 0.000000
0 0 0.000000 0.000000 0.200000 1.000000 0.200000 0.000000 0.200000 0.000000 0.000000
0 0 0.000000 0.000000 0.272727 1.000000 0.272727 0.000000 0.272727 0.000000 0.000000
0 0 0.000000 0.000000 0.166667 1.166875 0.166667 0.000000 0.166667 0.000000 0.000000
0 0 0.000000 0.000000 0.181818 1.000000 0.181818 0.000000 0.181818 0.000000 0.000000
0 0 0.000000 0.000000 0.100000 1.166875 0.100000 0.000000 0.100000 0.000000 0.000000
0 0 0.000000 0.000000 0.272727 1.166875 0.272727 0.000000 0.272727 0.000000 0.000000
0 0 0.000000 0.000000 0.272727 1.166875 0.272727 0.000000 0.272727 0.000000 0.000000
0 0 0.000000 0.000000 0.181818 1.000000 0.181818 0.000000 0.181818 0.000000 0.000000
0 0 0.000000 0.000000 0.272727 1.000000 0.272727 0.000000 0.272727 0.000000 0.000000
0 0 0.000000 0.000000 0.181818 1.166875 0.181818 0.000000 0.181818 0.000000 0.000000
0 0 0.000000 0.000000 0.250000 1.000000 0.250000 0.000000 0.250000 0.000000 0.000000
0 0 0.000000 0.000000 0.090909 1.166875 0.090909 0.000000 0.090909 0.000000 0.000000
0 0 0.000000 0.000000 0.200000 1.166875 0.200000 0.000000 0.200000 0.000000 0.000000
0 0 0.000000 0.000000 0.333333 1.166875 0.333333 0.000000 0.333333 0.000000 0.000000
0 0 0.000000 0.000000 0.200000 1.000000 0.200000 0.000000 0.200000 0.000000 0.000000
0 0 0.000000 0.000000 0.181818 1.000000 0.181818 0.000000 0.181818 0.000000 0.000000
0 0 0.000000 0.000000 0.333333 1.166875 0.333333 0.000000 0.333333 0.000000 0.000000
0 0 0.000000 0.000000 0.100000 1.000000 0.100000 0.000000 0.100000 0.000000 0.000000
0 0 0.000000 0.000000 0.272727 1.166875 0.272727 0.000000 0.272727 0.000000 0.000000
0 0 0.000000 0.000000 0.250000 1.166875 0.250000 0.000000 0.250000 0.000000 0.000000
0 0 0.000000 0.000000 0.300000 1.166875 0.300000 0.000000 0.300000 0.000000 0.000000
0 0 0.000000 0.000000 0.333333 1.000000 0.333333 0.000000 0.333333 0.000000 0.000000
0 0 0.000000 0.000000 0.090909 1.000000 0.090909 0.000000 0.090909 0.000000 0.000000
0 0 0.000000 0.000000 0.181818 1.166875 0.181818 0.000000 0.181818 0.000000 0.000000
0 0 0.000000 0.000000 0.300000 1.000000 0.300000 0.000000 0.300000 0.000000 0.000000
0 0 0.000000 0.000000 0.250000 1.166875 0.250000 0.000000 0.250000 0.000000 0.000000
0 0 0.000000 0.000000 0.166667 1.166875 0.166667 0.000000 0.166667 0.000000 0.000000
0 0 0.000000 0.000000 0.300000 1.166875 0.300000 0.000000 0.300000 0.000000 0.000000
0 0 0.000000 0.000000 0.363636 1.000000 0.363636 0.000000 0.363636 0.000000 0.000000
0 0 0.000000 0.000000 0.090909 1.000000 0.090909 0.000000 0.090909 0.000000 0.000000
0 0 0.000000 0.000000 0.545455 1.166875 0.545455 0.000000 0.545455 0.000000 0.000000
0 0 0.000000 0.000000 0.250000 1.000000 0.250000 0.000000 0.250000 0.000000 0.000000
0 0 0.000000 0.000000 0.200000 1.166875 0.200000 0.000000 0.200000 0.000000 0.000000
0 0 0.000000 0.000000 0.333333 1.166875 0.333333 0.000000 0.333333 0.000000 0.000000
0 0 0.000000 0.000000 0.100000 1.166875 0.100000 0.000000 0.100000 0.000000 0.000000
0 0 0.000000 0.000000 0.272727 1.000000 0.272727 0.000000 0.272727 0.000000 0.000000
0 0 0.000000 0.000000 0.333333 1.000000 0.333333 0.000000 0.333333 0.000000 0.000000
0 0 0.000000 0.000000 0.100000 1.166875 0.100000 0.000000 0.100000 0.000000 0.000000
0 0 0.000000 0.000000 0.181818 1.000000 0.181818 0.000000 0.181818 0.000000 0.000000
0 0 0.000000 0.000000 0.333333 1.166875 0.333333 0.000000 0.333333 0.000000 0.000000
0 0 0.000000 0.000000 0.200000 1.166875 0.200000 0.000000 0.200000 0.000000 0.000000
0 0 0.000000 0.000000 0.166667 1.166875 0.166667 0.000000 0.166667 0.000000 0.000000
0 0 0.000000 0.000000 0.363636 1.000000 0.363636 0.000000 0.363636 0.000000 0.000000
0 0 0.000000 0.000000 0.100000 1.000000 0.100000 0.000000 0.100000 0.000000 0.000000
0 0 0.000000 0.000000 0.166667 1.166875 0.166667 0.000000 0.166667 0.000000 0.000000
0 0 0.000000 0.000000 0.272727 1.000000 0.272727 0.000000 0.272727 0.000000 0.000000
0 0 0.000000 0.000000 0.181818 1.166875 0.181818 0.000000 0.181818 0.000000 0.000000
0 0 0.000000 0.000000 0.272727 1.166875 0.272727 0.000000 0.272727 0.000000 0.000000
0 0 0.000000 0.000000 0.200000 1.166875 0.200000 0.000000 0.200000 0.000000 0.000000
0 0 0.000000 0.000000 0.307692 1.000000 0.307692 0.000000 0.307692 0.000000 0.000000
0 0 0.000000 0.000000 0.200000 1.000000 0.200000 0.000000 0.200000 0.000000 0.000000
0 0 0.000000 0.000000 0.363636 1.166875 0.363636 0.000000 0.363636 0.000000 0.000000
0 0 0.000000 0.000000 0.250000 1.000000 0.250000 0.000000 0.250000 0.000000 0.000000
0 0 0.000000 0.000000 0.300000 1.166875 0.300000 0.000000 0.300000 0.000000 0.000000
0 0 0.000000 0.000000 0.181818 1.166875 0.181818 0.000000 0.181818 0.000000 0.000000
0 0 0.000000 0.000000 0.272727 1.166875 0.272727 0.000000 0.272727 0.000000 0.000000
0 0 0.000000 0.000000 0.333333 1.000000 0.333333 0.000000 0.333333 0.000000 0.000000
0 0 0.000000 0.000000 0.111111 1.000000 0.111111 0.000000 0.111111 0.000000 0.000000
0 0 0.000000 0.000000 0.250000 1.166875 0.250000 0.000000 0.250000 0.000000 0.000000
0 0 0.000000 0.000000 0.272727 1.000000 0.272727 0.000000 0.272727 0.000000 0.000000
0 0 0.000000 0.000000 0.272727 1.166875 0.272727 0.000000 0.272727 0.000000 0.000000
0 0 0.000000 0.000000 0.250000 1.166875 0.250000 0.000000 0.250000 0.000000 0.000000
0 0 0.000000 0.000000 0.272727 1.166875 0.272727 0.000000 0.272727 0.000000 0.000000
0 0 0.000000 0.000000 0.272727 1.000000 0.272727 0.000000 0.272727 0.000000 0.000000
0 0 0.000000 0.000000 0.181818 1.000000 0.181818 0.000000 0.181818 0.000000 0.000000
0 0 0.000000 0.000000 0.272727 1.166875 0.272727 0.000000 0.272727 0.000000 0.000000
0 0 0.000000 0.000000 0.200000 1.000000 0.200000 0.000000 0.200000 0.000000 0.000000
0 0 0.000000 0.000000 0.272727 1.166875 0.272727 0.000000 0.272727 0.000000 0.000000
0 0 0.000000 0.000000 0.416667 1.166875 0.416667 0.000000 0.416667 0.000000 0.000000
0 0 0.000000 0.000000 0.090909 1.166875 0.090909 0.000000 0.090909 0.000000 0.000000
0 0 0.000000 0.000000 0.272727 1.000000 0.272727 0.000000 0.272727 0.000000 0.000000
0 0 0.000000 0.000000 0.181818 1.000000 0.181818 0.000000 0.181818 0.000000 0.000000
0 0 0.000000 0.000000 0.181818 1.166875 0.181818 0.000000 0.181818 0.000000 0.000000
0 0 0.000000 0.000000 0.272727 1.000000 0.272727 0.000000 0.272727 0.000000 0.000000
0 0 0.000000 0.000000 0.272727 1.166875 0.272727 0.000000 0.272727 0.000000 0.000000
0 0 0.000000 0.000000 0.181818 1.166875 0.181818 0.000000 0.181818 0.000000 0.000000
0 0 0.000000 0.000000 0.272727 1.166875 0.272727 0.000000 0.272727 0.000000 0.000000
0 0 0.000000 0.000000 1.000000 1.000000 1.000000 0.000000 1.000000 0.000000 0.000000
0 0 0.000000 0.000000 1.000000 1.000000 1.000000 0.000000 1.000000 0.000000 0.000000
0 0 0.000000 0.000000 0.555556 1.166875 0.555556 0.000000 0.555556 0.000000 0.000000
0 0 0.000000 0.000000 0.181818 1.000000 0.181818 0.000000 0.181818 0.000000 0.000000
0 0 0.000000 0.000000 0.181818 1.166875 0.181818 0.000000 0.181818 0.000000 0.000000
0 0 0.000000 0.000000 0.416667 1.166875 0.416667 0.000000 0.416667 0.000000 0.000000
0 0 0.000000 0.000000 0.200000 1.166875 0.200000 0.000000 0.200000 0.000000 0.000000
0 0 0.000000 0.000000 0.250000 1.000000 0.250000 0.000000 0.250000 0.000000 0.000000
0 0 0.000000 0.000000 0.333333 1.000000 0.333333 0.000000 0.333333 0.000000 0.000000
0 0 0.000000 0.000000 0.200000 1.166875 0.200000 0.000000 0.200000 0.000000 0.000000
0 0 0.000000 0.000000 0.181818 1.000000 0.181818 0.000000 0.181818 0.000000 0.000000
0 0 0.000000 0.000000 0.333333 1.166875 0.333333 0.000000 0.333333 0.000000 0.000000
0 0 0.000000 0.000000 0.181818 1.166875 0.181818 0.000000 0.181818 0.000000 0.000000
0 0 0.000000 0.000000 0.272727 1.166875 0.272727 0.000000 0.272727 0.000000 0.000000
0 0 0.000000 0.000000 0.181818 1.000000 0.181818 0.000000 0.181818 0.000000 0.000000
0 0 0.000000 0.000000 0.100000 1.000000 0.100000 0.000000 0.100000 0.000000 0.000000
0 0 0.000000 0.000000 0.307692 1.166875 0.307692 0.000000 0.307692 0.000000 0.000000
0 0 0.000000 0.000000 0.333333 1.000000 0.333333 0.000000 0.333333 0.000000 0.000000
0 0 0.000000 0.000000 0.250000 1.166875 0.250000 0.000000 0.250000 0.000000 0.000000
0 0 0.000000 0.000000 0.181818 1.166875 0.181818 0.000000 0.181818 0.000000 0.000000
0 0 0.000000 0.000000 0.400000 1.166875 0.400000 0.000000 0.400000 0.000000 0.000000
0 0 0.000000 0.000000 0.416667 1.000000 0.416667 0.000000 0.416667 0.000000 0.000000
0 0 0.000000 0.000000 0.250000 1.000000 0.250000 0.000000 0.250000 0.000000 0.000000
0 0 0.000000 0.000000 0.400000 1.166875 0.400000 0.000000 0.400000 0.000000 0.000000
0 0 0.000000 0.000000 0.181818 1.000000 0.181818 0.000000 0.181818 0.000000 0.000000
0 0 0.000000 0.000000 0.100000 1.166875 0.100000 0.000000 0.100000 0.000000 0.000000
0 0 0.000000 0.000000 0.333333 1.166875 0.333333 0.000000 0.333333 0.000000 0.000000
0 0 0.000000 0.000000 0.272727 1.166875 0.272727 0.000000 0.272727 0.000000 0.000000
0 0 0.000000 0.000000 0.181818 1.000000 0.181818 0.000000 0.181818 0.000000 0.000000
0 0 0.000000 0.000000 0.363636 1.000000 0.363636 0.000000 0.363636 0.000000 0.000000
0 0 0.000000 0.000000 0.166667 1.166875 0.166667 0.000000 0.166667 0.000000 0.000000
0 0 0.000000 0.000000 0.200000 1.000000 0.200000 0.000000 0.200000 0.000000 0.000000
0 0 0.000000 0.000000 0.363636 1.166875 0.363636 0.000000 0.363636 0.000000 0.000000
0 0 0.000000 0.000000 0.333333 1.166875 0.333333 0.000000 0.333333 0.000000 0.000000
0 0 0.000000 0.000000 0.181818 1.166875 0.181818 0.000000 0.181818 0.000000 0.000000
0 0 0.000000 0.000000 0.454545 1.000000 0.454545 0.000000 0.454545 0.000000 0.000000
0 0 0.000000 0.000000 0.272727 1.000000 0.272727 0.000000 0.272727 0.000000 0.000000
0 0 0.000000 0.000000 0.200000 1.166875 0.200000 0.000000 0.200000 0.000000 0.000000
0 0 0.000000 0.000000 0.250000 1.000000 0.250000 0.000000 0.250000 0.000000 0.000000
0 0 0.000000 0.000000 0.181818 1.166875 0.181818 0.000000 0.181818 0.000000 0.000000
0 0 0.000000 0.000000 0.272727 1.166875 0.272727 0.000000 0.272727 0.000000 0.000000
0 0 0.000000 0.000000 0.272727 1.166875 0.272727 0.000000 0.272727 0.000000 0.000000
0 0 0.000000 0.000000 0.181818 1.000000 0.181818 0.000000 0.181818 0.000000 0.000000
0 0 0.000000 0.000000 0.272727 1.000000 0.272727 0.000000 0.272727 0.000000 0.000000
0 0 0.000000 0.000000 0.181818 1.166875 0.181818 0.000000 0.181818 0.000000 0.000000
0 0 0.000000 0.000000 0.200000 1.000000 0.200000 0.000000 0.200000 0.000000 0.000000
0 0 0.000000 0.000000 0.272727 1.166875 0.272727 0.000000 0.272727 0.000000 0.000000
0 0 0.000000 0.000000 0.909091 1.166875 0.909091 0.000000 0.909091 0.000000 0.000000
0 0 0.000000 0.000000 0.363636 1.166875 0.363636 0.000000 0.363636 0.000000 0.000000
0 0 0.000000 0.000000 0.272727 1.000000 0.272727 0.000000 0.272727 0.000000 0.000000
0 0 0.000000 0.000000 0.181818 1.000000 0.181818 0.000000 0.181818 0.000000 0.000000
0 0 0.000000 0.000000 0.333333 1.166875 0.333333 0.000000 0.333333 0.000000 0.000000
0 0 0.000000 0.000000 0.300000 1.000000 0.300000 0.000000 0.300000 0.000000 0.000000
0 0 0.000000 0.000000 0.166667 1.166875 0.166667 0.000000 0.166667 0.000000 0.000000
0 0 0.000000 0.000000 0.363636 1.166875 0.363636 0.000000 0.363636 0.000000 0.000000
0 0 0.000000 0.000000 0.250000 1.166875 0.250000 0.000000 0.250000 0.000000 0.000000
0 0 0.000000 0.000000 0.111111 1.000000 0.111111 0.000000 0.111111 0.000000 0.000000
0 0 0.000000 0.000000 0.333333 1.000000 0.333333 0.000000 0.333333 0.000000 0.000000
0 0 0.000000 0.000000 0.181818 1.166875 0.181818 0.000000 0.181818 0.000000 0.000000
0 0 0.000000 0.000000 0.181818 1.000000 0.181818 0.000000 0.181818 0.000000 0.000000
0 0 0.000000 0.000000 0.250000 1.166875 0.250000 0.000000 0.250000 0.000000 0.000000
0 0 0.000000 0.000000 0.200000 1.166875 0.200000 0.000000 0.200000 0.000000 0.000000
0 0 0.000000 0.000000 0.181818 1.166875 0.181818 0.000000 0.181818 0.000000 0.000000
0 0 0.000000 0.000000 0.272727 1.000000 0.272727 0.000000 0.272727 0.000000 0.000000
0 0 0.000000 0.000000 0.250000 1.000000 0.250000 0.000000 0.250000 0.000000 0.000000
0 0 0.000000 0.000000 0.181818 1.166875 0.181818 0.000000 0.181818 0.000000 0.000000
0 0 0.000000 0.000000 0.200000 1.000000 0.200000 0.000000 0.200000 0.000000 0.000000
0 0 0.000000 0.000000 0.363636 1.166875 0.363636 0.000000 0.363636 0.000000 0.000000
0 0 0.000000 0.000000 0.166667 1.166875 0.166667 0.000000 0.166667 0.000000 0.000000
0 0 0.000000 0.000000 0.272727 1.166875 0.272727 0.000000 0.272727 0.000000 0.000000
0 0 0.000000 0.000000 0.300000 1.000000 0.300000 0.000000 0.300000 0.000000 0.000000
0 0 0.000000 0.000000 0.166667 1.000000 0.166667 0.000000 0.166667 0.000000 0.000000
0 0 0.000000 0.000000 0.200000 1.166875 0.200000 0.000000 0.200000 0.000000 0.000000
0 0 0.000000 0.000000 0.250000 1.000000 0.250000 0.000000 0.250000 0.000000 0.000000
0 0 0.000000 0.000000 0.090909 1.166875 0.090909 0.000000 0.090909 0.000000 0.000000
0 0 0.000000 0.000000 0.300000 1.166875 0.300000 0.000000 0.300000 0.000000 0.000000
0 0 0.000000 0.000000 0.250000 1.166875 0.250000 0.000000 0.250000 0.000000 0.000000
0 0 0.000000 0.000000 0.100000 1.000000 0.100000 0.000000 0.100000 0.000000 0.000000
0 0 0.000000 0.000000 0.416667 1.000000 0.416667 0.000000 0.416667 0.000000 0.000000
0 0 0.000000 0.000000 0.272727 1.166875 0.272727 0.000000 0.272727 0.000000 0.000000
0 0 0.000000 0.000000 0.272727 1.000000 0.272727 0.000000 0.272727 0.000000 0.000000
0 0 0.000000 0.000000 0.272727 1.166875 0.272727 0.000000 0.272727 0.000000 0.000000
0 0 0.000000 0.000000 0.181818 1.166875 0.181818 0.000000 0.181818 0.000000 0.000000
0 0 0.000000 0.000000 0.272727 1.166875 0.272727 0.000000 0.272727 0.000000 0.000000
0 0 0.000000 0.000000 0.272727 1.000000 0.272727 0.000000 0.272727 0.000000 0.000000
0 0 0.000000 0.000000 0.272727 1.000000 0.272727 0.000000 0.272727 0.000000 0.000000
0 0 0.000000 0.000000 0.250000 1.166875 0.250000 0.000000 0.250000 0.000000 0.000000
0 0 0.000000 0.000000 0.300000 1.000000 0.300000 0.000000 0.300000 0.000000 0.000000
0 0 0.000000 0.000000 0.166667 1.166875 0.166667 0.000000 0.166667 0.000000 0.000000
0 0 0.000000 0.000000 0.181818 1.166875 0.181818 0.000000 0.181818 0.000000 0.000000
0 0 0.000000 0.000000 0.400000 1.166875 0.400000 0.000000 0.400000 0.000000 0.000000
0 0 0.000000 0.000000 0.333333 1.000000 0.333333 0.000000 0.333333 0.000000 0.000000
0 0 0.000000 0.000000 0.090909 1.000000 0.090909 0.000000 0.090909 0.000000 0.000000
0 0 0.000000 0.000000 0.363636 1.166875 0.363636 0.000000 0.363636 0.000000 0.000000
0 0 0.000000 0.000000 0.818182 1.000000 0.818182 0.000000 0.818182 0.000000 0.000000
0 0 0.000000 0.000000 0.181818 1.166875 0.181818 0.000000 0.181818 0.000000 0.000000
0 0 0.000000 0.000000 0.363636 1.166875 0.363636 0.000000 0.363636 0.000000 0.000000
0 0 0.000000 0.000000 0.250000 1.166875 0.250000 0.000000 0.250000 0.000000 0.000000
0 0 0.000000 0.000000 0.200000 1.000000 0.200000 0.000000 0.200000 0.000000 0.000000
0 0 0.000000 0.000000 0.333333 1.000000 0.333333 0.000000 0.333333 0.000000 0.000000
0 0 0.000000 0.000000 0.272727 1.166875 0.272727 0.000000 0.272727 0.000000 0.000000
0 0 0.000000 0.000000 0.100000 1.000000 0.100000 0.000000 0.100000 0.000000 0.000000
0 0 0.000000 0.000000 0.272727 1.166875 0.272727 0.000000 0.272727 0.000000 0.000000
0 0 0.000000 0.000000 0.272727 1.166875 0.272727 0.000000 0.272727 0.000000 0.000000
0 0 0.000000 0.000000 0.272727 1.166875 0.272727 0.000000 0.272727 0.000000 0.000000
0 0 0.000000 0.000000 0.333333 1.000000 0.333333 0.000000 0.333333 0.000000 0.000000
0 0 0.000000 0.000000 0.200000 1.000000 0.200000 0.000000 0.200000 0.000000 0.000000
0 0 0.000000 0.000000 0.181818 1.166875 0.181818 0.000000 0.181818 0.000000 0.000000
0 0 0.000000 0.000000 0.333333 1.000000 0.333333 0.000000 0.333333 0.000000 0.000000
0 0 0.000000 0.000000 0.090909 1.166875 0.090909 0.000000 0.090909 0.000000 0.000000
0 0 0.000000 0.000000 0.272727 1.166875 0.272727 0.000000 0.272727 0.000000 0.000000
0 0 0.000000 0.000000 0.363636 1.166875 0.363636 0.000000 0.363636 0.000000 0.000000
0 0 0.000000 0.000000 0.090909 1.000000 0.090909 0.000000 0.090909 0.000000 0.000000
0 0 0.000000 0.000000 0.272727 1.000000 0.272727 0.000000 0.272727 0.000000 0.000000
0 0 0.000000 0.000000 0.272727 1.166875 0.272727 0.000000 0.272727 0.000000 0.000000
0 0 0.000000 0.000000 0.166667 1.000000 0.166667 0.000000 0.166667 0.000000 0.000000
0 0 0.000000 0.000000 0.272727 1.166875 0.272727 0.000000 0.272727 0.000000 0.000000
0 0 0.000000 0.000000 0.300000 1.166875 0.300000 0.000000 0.300000 0.000000 0.000000
0 0 0.000000 0.000000 0.200000 1.166875 0.200000 0.000000 0.200000 0.000000 0.000000
0 0 0.000000 0.000000 0.181818 1.000000 0.181818 0.000000 0.181818 0.000000 0.000000
0 0 0.000000 0.000000 0.250000 1.000000 0.250000 0.000000 0.250000 0.000000 0.000000
0 0 0.000000 0.000000 0.250000 1.166875 0.250000 0.000000 0.250000 0.000000 0.000000
0 0 0.000000 0.000000 0.200000 1.000000 0.200000 0.000000 0.200000 0.000000 0.000000
0 0 0.000000 0.000000 0.181818 1.166875 0.181818 0.000000 0.181818 0.000000 0.000000
0 0 0.000000 0.000000 0.272727 1.166875 0.272727 0.000000 0.272727 0.000000 0.000000
0 0 0.000000 0.000000 0.272727 1.166875 0.272727 0.000000 0.272727 0.000000 0.000000
0 0 0.000000 0.000000 0.181818 1.000000 0.181818 0.000000 0.181818 0.000000 0.000000
0 0 0.000000 0.000000 0.333333 1.000000 0.333333 0.000000 0.333333 0.000000 0.000000
0 0 0.000000 0.000000 0.181818 1.166875 0.181818 0.000000 0.181818 0.000000 0.000000
0 0 0.000000 0.000000 0.272727 1.000000 0.272727 0.000000 0.272727 0.000000 0.000000
0 0 0.000000 0.000000 0.181818 1.166875 0.181818 0.000000 0.181818 0.000000 0.000000
0 0 0.000000 0.000000 0.200000 1.166875 0.200000 0.000000 0.200000 0.000000 0.000000
0 0 0.000000 0.000000 0.181818 1.166875 0.181818 0.000000 0.181818 0.000000 0.000000
0 0 0.000000 0.000000 0.363636 1.000000 0.363636 0.000000 0.363636 0.000000 0.000000
0 0 0.000000 0.000000 0.250000 1.000000 0.250000 0.000000 0.250000 0.000000 0.000000
0 0 0.000000 0.000000 0.100000 1.166875 0.100000 0.000000 0.100000 0.000000 0.000000
0 0 0.000000 0.000000 0.272727 1.000000 0.272727 0.000000 0.272727 0.000000 0.000000
0 0 0.000000 0.000000 0.272727 1.166875 0.272727 0.000000 0.272727 0.000000 0.000000
0 0 0.000000 0.000000 0.250000 1.166875 0.250000 0.000000 0.250000 0.000000 0.000000
0 0 0.000000 0.000000 0.272727 1.166875 0.272727 0.000000 0.272727 0.000000 0.000000
0 0 0.000000 0.000000 0.250000 1.000000 0.250000 0.000000 0.250000 0.000000 0.000000
0 0 0.000000 0.000000 0.800000 1.000000 0.800000 0.000000 0.800000 0.000000 0.000000
0 0 0.000000 0.000000 0.300000 1.166875 0.300000 0.000000 0.300000 0.000000 0.000000
0 0 0.000000 0.000000 0.250000 1.000000 0.250000 0.000000 0.250000 0.000000 0.000000
0 0 0.000000 0.000000 0.181818 1.166875 0.181818 0.000000 0.181818 0.000000 0.000000
0 0 0.000000 0.000000 0.300000 1.166875 0.300000 0.000000 0.300000 0.000000 0.000000
0 0 0.000000 0.000000 0.250000 1.166875 0.250000 0.000000 0.250000 0.000000 0.000000
0 0 0.000000 0.000000 0.181818 1.000000 0.181818 0.000000 0.181818 0.000000 0.000000
0 0 0.000000 0.000000 0.300000 1.000000 0.300000 0.000000 0.300000 0.000000 0.000000
0 0 0.000000 0.000000 0.250000 1.166875 0.250000 0.000000 0.250000 0.000000 0.000000
0 0 0.000000 0.000000 0.181818 1.000000 0.181818 0.000000 0.181818 0.000000 0.000000
0 0 0.000000 0.000000 0.363636 1.166875 0.363636 0.000000 0.363636 0.000000 0.000000
0 0 0.000000 0.000000 0.090909 1.166875 0.090909 0.000000 0.090909 0.000000 0.000000
0 0 0.000000 0.000000 0.272727 1.166875 0.272727 0.000000 0.272727 0.000000 0.000000
0 0 0.000000 0.000000 0.272727 1.000000 0.272727 0.000000 0.272727 0.000000 0.000000
0 0 0.000000 0.000000 0.250000 1.000000 0.250000 0.000000 0.250000 0.000000 0.000000
0 0 0.000000 0.000000 0.181818 1.166875 0.181818 0.000000 0.181818 0.000000 0.000000
0 0 0.000000 0.000000 0.363636 1.000000 0.363636 0.000000 0.363636 0.000000 0.000000
0 0 0.000000 0.000000 0.272727 1.166875 0.272727 0.000000 0.272727 0.000000 0.000000
0 0 0.000000 0.000000 0.090909 1.166875 0.090909 0.000000 0.090909 0.000000 0.000000
0 0 0.000000 0.000000 0.363636 1.166875 0.363636 0.000000 0.363636 0.000000 0.000000
0 0 0.000000 0.000000 0.181818 1.000000 0.181818 0.000000 0.181818 0.000000 0.000000
0 0 0.000000 0.000000 0.250000 1.000000 0.250000 0.000000 0.250000 0.000000 0.000000
0 0 0.000000 0.000000 0.111111 1.166875 0.111111 0.000000 0.111111 0.000000 0.000000
0 0 0.000000 0.000000 0.333333 1.000000 0.333333 0.000000 0.333333 0.000000 0.000000
0 0 0.000000 0.000000 0.181818 1.166875 0.181818 0.000000 0.181818 0.000000 0.000000
0 0 0.000000 0.000000 0.333333 1.166875 0.333333 0.000000 0.333333 0.000000 0.000000
0 0 0.000000 0.000000 0.200000 1.166875 0.200000 0.000000 0.200000 0.000000 0.000000
0 0 0.000000 0.000000 0.181818 1.000000 0.181818 0.000000 0.181818 0.000000 0.000000
0 0 0.000000 0.000000 0.181818 1.000000 0.181818 0.000000 0.181818 0.000000 0.000000
0 0 0.000000 0.000000 0.272727 1.166875 0.272727 0.000000 0.272727 0.000000 0.000000
0 0 0.000000 0.000000 0.181818 1.000000 0.181818 0.000000 0.181818 0.000000 0.000000
0 0 0.000000 0.000000 0.272727 1.166875 0.272727 0.000000 0.272727 0.000000 0.000000
0 0 0.000000 0.000000 0.272727 1.166875 0.272727 0.000000 0.272727 0.000000 0.000000
0 0 0.000000 0.000000 0.166667 1.166875 0.166667 0.000000 0.166667 0.000000 0.000000
0 0 0.000000 0.000000 0.363636 1.000000 0.363636 0.000000 0.363636 0.000000 0.000000
0 0 0.000000 0.000000 0.200000 1.000000 0.200000 0.000000 0.200000 0.000000 0.000000
0 0 0.000000 0.000000 0.181818 1.166875 0.181818 0.000000 0.181818 0.000000 0.000000
0 0 0.000000 0.000000 0.181818 1.000000 0.181818 0.000000 0.181818 0.000000 0.000000
0 0 0.000000 0.000000 0.181818 1.166875 0.181818 0.000000 0.181818 0.000000 0.000000
0 0 0.000000 0.000000 0.333333 1.166875 0.333333 0.000000 0.333333 0.000000 0.000000
0 0 0.000000 0.000000 0.272727 1.166875 0.272727 0.000000 0.272727 0.000000 0.000000
0 0 0.000000 0.000000 0.272727 1.000000 0.272727 0.000000 0.272727 0.000000 0.000000
0 0 0.000000 0.000000 0.272727 1.000000 0.272727 0.000000 0.272727 0.000000 0.000000
0 0 0.000000 0.000000 0.090909 1.166875 0.090909 0.000000 0.090909 0.000000 0.000000
0 0 0.000000 0.000000 0.200000 1.000000 0.200000 0.000000 0.200000 0.000000 0.000000
0 0 0.000000 0.000000 0.166667 1.166875 0.166667 0.000000 0.166667 0.000000 0.000000
0 0 0.000000 0.000000 0.363636 1.166875 0.363636 0.000000 0.363636 0.000000 0.000000
0 0 0.000000 0.000000 0.700000 1.166875 0.700000 0.000000 0.700000 0.000000 0.000000
0 0 0.000000 0.000000 0.333333 1.000000 0.333333 0.000000 0.333333 0.000000 0.000000
0 0 0.000000 0.000000 0.200000 1.000000 0.200000 0.000000 0.200000 0.000000 0.000000
0 0 0.000000 0.000000 0.166667 1.166875 0.166667 0.000000 0.166667 0.000000 0.000000
0 0 0.000000 0.000000 0.181818 1.000000 0.181818 0.000000 0.181818 0.000000 0.000000
0 0 0.000000 0.000000 0.272727 1.166875 0.272727 0.000000 0.272727 0.000000 0.000000
0 0 0.000000 0.000000 0.333333 1.166875 0.333333 0.000000 0.333333 0.000000 0.000000
0 0 0.000000 0.000000 0.300000 1.166875 0.300000 0.000000 0.300000 0.000000 0.000000
0 0 0.000000 0.000000 0.090909 1.000000 0.090909 0.000000 0.090909 0.000000 0.000000
0 0 0.000000 0.000000 0.300000 1.000000 0.300000 0.000000 0.300000 0.000000 0.000000
0 0 0.000000 0.000000 0.181818 1.166875 0.181818 0.000000 0.181818 0.000000 0.000000
0 0 0.000000 0.000000 0.307692 1.000000 0.307692 0.000000 0.307692 0.000000 0.000000
0 0 0.000000 0.000000 0.222222 1.166875 0.222222 0.000000 0.222222 0.000000 0.000000
0 0 0.000000 0.000000 0.230769 1.166875 0.230769 0.000000 0.230769 0.000000 0.000000
0 0 0.000000 0.000000 0.200000 1.166875 0.200000 0.000000 0.200000 0.000000 0.000000
0 0 0.000000 0.000000 0.333333 1.000000 0.333333 0.000000 0.333333 0.000000 0.000000
0 0 0.000000 0.000000 0.200000 1.000000 0.200000 0.000000 0.200000 0.000000 0.000000
0 0 0.000000 0.000000 0.090909 1.166875 0.090909 0.000000 0.090909 0.000000 0.000000
0 0 0.000000 0.000000 0.333333 1.000000 0.333333 0.000000 0.333333 0.000000 0.000000
0 0 0.000000 0.000000 0.300000 1.166875 0.300000 0.000000 0.300000 0.000000 0.000000
0 0 0.000000 0.000000 0.166667 1.166875 0.166667 0.000000 0.166667 0.000000 0.000000
0 0 0.000000 0.000000 0.363636 1.166875 0.363636 0.000000 0.363636 0.000000 0.000000
0 0 0.000000 0.000000 0.200000 1.000000 0.200000 0.000000 0.200000 0.000000 0.000000
0 0 0.000000 0.000000 0.166667 1.000000 0.166667 0.000000 0.166667 0.000000 0.000000
0 0 0.000000 0.000000 0.363636 1.166875 0.363636 0.000000 0.363636 0.000000 0.000000
0 0 0.000000 0.000000 0.200000 1.000000 0.200000 0.000000 0.200000 0.000000 0.000000
0 0 0.000000 0.000000 0.250000 1.166875 0.250000 0.000000 0.250000 0.000000 0.000000
0 0 0.000000 0.000000 0.272727 1.166875 0.272727 0.000000 0.272727 0.000000 0.000000
0 0 0.000000 0.000000 0.272727 1.166875 0.272727 0.000000 0.272727 0.000000 0.000000
0 0 0.000000 0.000000 0.272727 1.000000 0.272727 0.000000 0.272727 0.000000 0.000000
0 0 0.000000 0.000000 0.181818 1.000000 0.181818 0.000000 0.181818 0.000000 0.000000
0 0 0.000000 0.000000 0.272727 1.166875 0.272727 0.000000 0.272727 0.000000 0.000000
0 0 0.000000 0.000000 0.090909 1.000000 0.090909 0.000000 0.090909 0.000000 0.000000
0 0 0.000000 0.000000 0.363636 1.166875 0.363636 0.000000 0.363636 0.000000 0.000000
0 0 0.000000 0.000000 0.272727 1.166875 0.272727 0.000000 0.272727 0.000000 0.000000
0 0 0.000000 0.000000 0.272727 1.166875 0.272727 0.000000 0.272727 0.000000 0.000000
0 0 0.000000 0.000000 0.333333 1.000000 0.333333 0.000000 0.333333 0.000000 0.000000
0 0 0.000000 0.000000 0.200000 1.000000 0.200000 0.000000 0.200000 0.000000 0.000000
0 0 0.900000 0.000000 0.454545 2.333750 0.454545 0.000000 0.454545 -0.387770 0.151679
0 0 0.900000 0.000000 0.363636 2.333750 0.363636 0.530240 0.363636 -0.389255 0.150675
0 0 0.900000 0.000000 0.363636 2.333750 0.363636 0.493186 0.363636 -0.391278 0.149688
0 0 0.900000 0.000000 0.333333 2.333750 0.333333 0.491618 0.333333 -0.393719 0.148497
0 0 0.900000 0.000000 0.454545 2.333750 0.454545 0.477794 0.454545 -0.394126 0.148311
0 0 0.900000 0.000000 0.300000 2.333750 0.300000 0.525270 0.300000 -0.395998 0.147023
0 0 0.900000 0.000000 0.500000 2.333750 0.500000 0.461914 0.500000 -0.395251 0.147343
0 0 0.900000 0.000000 0.545455 2.333750 0.545455 0.541488 0.545455 -0.395233 0.147362
0 0 0.900000 0.000000 0.272727 2.333750 0.272727 0.559488 0.272727 -0.395598 0.146239
0 0 0.900000 0.000000 0.727273 2.333750 0.727273 0.449175 0.727273 -0.389680 0.148655
0 0 0.900000 0.000000 0.363636 2.333750 0.363636 0.630327 0.363636 -0.386412 0.148494
0 0 0.900000 0.000000 0.454545 2.333750 0.454545 0.487061 0.454545 -0.386883 0.148267
0 0 0.900000 0.000000 0.454545 2.333750 0.454545 0.521873 0.454545 -0.387400 0.147907
0 0 0.900000 0.000000 0.400000 2.333750 0.400000 0.521270 0.400000 -0.388325 0.147266
0 0 0.900000 0.000000 0.454545 2.333750 0.454545 0.499012 0.454545 -0.388837 0.146991
0 0 0.900000 0.000000 0.416667 2.333750 0.416667 0.519784 0.416667 -0.389605 0.146456
0 0 0.900000 0.000000 0.500000 2.333750 0.500000 0.504128 0.500000 -0.389647 0.146432
0 0 0.900000 0.000000 0.200000 2.333750 0.200000 0.536560 0.200000 -0.390992 0.144983
0 0 0.900000 0.000000 0.545455 2.333750 0.545455 0.416553 0.545455 -0.387700 0.146191
0 0 0.900000 0.000000 0.363636 2.333750 0.363636 0.552645 0.363636 -0.387787 0.145546
0 0 0.900000 0.000000 0.363636 2.333750 0.363636 0.480680 0.363636 -0.389369 0.144789
0 0 0.900000 0.000000 0.454545 2.333750 0.454545 0.479489 0.454545 -0.389702 0.144629
0 0 0.900000 0.000000 0.333333 2.333750 0.333333 0.514665 0.333333 -0.390928 0.143755
0 0 0.900000 0.000000 0.500000 2.333750 0.500000 0.465799 0.500000 -0.390403 0.143988
0 0 0.900000 0.000000 0.545455 2.333750 0.545455 0.531234 0.545455 -0.390356 0.144044
0 0 0.900000 0.000000 0.454545 2.333750 0.454545 0.549085 0.454545 -0.390361 0.143744
0 0 0.900000 0.000000 0.250000 2.333750 0.250000 0.512901 0.250000 -0.392081 0.142518
0 0 0.900000 0.000000 0.444444 2.333750 0.444444 0.430622 0.444444 -0.391791 0.142629
0 0 0.900000 0.000000 0.307692 2.333750 0.307692 0.506989 0.307692 -0.393189 0.141688
0 0 0.900000 0.000000 0.363636 2.333750 0.363636 0.451645 0.363636 -0.394649 0.141079
0 0 0.900000 0.000000 0.500000 2.333750 0.500000 0.472752 0.500000 -0.394309 0.141241
0 0 0.900000 0.000000 0.416667 2.333750 0.416667 0.526775 0.416667 -0.394617 0.140837
0 0 0.900000 0.000000 0.363636 2.333750 0.363636 0.493101 0.363636 -0.395736 0.140189
0 0 0.900000 0.000000 0.454545 2.333750 0.454545 0.471071 0.454545 -0.395939 0.140093
0 0 0.900000 0.000000 0.363636 2.333750 0.363636 0.506915 0.363636 -0.396772 0.139477
0 0 0.900000 0.000000 0.363636 2.333750 0.363636 0.469786 0.363636 -0.398060 0.138870
0 0 0.900000 0.000000 0.545455 2.333750 0.545455 0.468836 0.545455 -0.397139 0.139304
0 0 0.900000 0.000000 0.333333 2.333750 0.333333 0.541723 0.333333 -0.396979 0.138736
0 0 0.900000 0.000000 0.400000 2.333750 0.400000 0.456102 0.400000 -0.397766 0.138395
0 0 0.900000 0.000000 0.454545 2.333750 0.454545 0.482085 0.454545 -0.398021 0.138258
0 0 0.900000 0.000000 0.272727 2.333750 0.272727 0.503578 0.272727 -0.399270 0.137317
0 0 0.900000 0.000000 0.600000 2.333750 0.600000 0.429354 0.600000 -0.396207 0.138494
0 0 0.900000 0.000000 0.416667 2.333750 0.416667 0.560936 0.416667 -0.395508 0.138248
0 0 0.900000 0.000000 0.333333 2.333750 0.333333 0.487432 0.333333 -0.396722 0.137543
0 0 0.900000 0.000000 0.400000 2.333750 0.400000 0.453232 0.400000 -0.397444 0.137232
0 0 0.900000 0.000000 0.363636 2.333750 0.363636 0.479243 0.363636 -0.398469 0.136682
0 0 0.900000 0.000000 0.416667 2.333750 0.416667 0.463880 0.416667 -0.399002 0.136433
0 0 0.900000 0.000000 0.400000 2.333750 0.400000 0.484651 0.400000 -0.399642 0.136058
0 0 0.900000 0.000000 0.416667 2.333750 0.416667 0.477383 0.416667 -0.400167 0.135776
0 0 0.900000 0.000000 0.300000 2.333750 0.300000 0.483604 0.300000 -0.401535 0.134976
